Epoch	TrainLoss	ValidLoss	PSNR	PSNR_std	SSIM	SSIM_std	NRMSE	NRMSE_std
1	0.58444976	0.20670970	26.385	1.641	0.820	0.036	0.049	0.009
2	0.49800339	0.15089801	28.273	1.461	0.871	0.025	0.039	0.006
3	0.48860526	0.12181261	30.153	1.499	0.929	0.014	0.032	0.006
4	0.48475942	0.07973784	31.496	1.714	0.956	0.012	0.027	0.006
5	0.48655378	0.09888640	31.756	1.885	0.947	0.011	0.026	0.006
6	0.48091003	0.08146957	32.099	2.035	0.957	0.011	0.026	0.006
7	0.47889177	0.08500053	32.237	2.024	0.956	0.010	0.025	0.006
8	0.47906763	0.07385512	32.652	2.291	0.966	0.010	0.024	0.007
9	0.47818499	0.07019496	32.879	2.316	0.967	0.008	0.024	0.007
10	0.47837278	0.12650958	32.366	2.008	0.936	0.014	0.025	0.006
11	0.48291710	0.10231391	32.829	2.162	0.954	0.011	0.024	0.007
12	0.47815615	0.07418476	33.371	2.338	0.970	0.009	0.022	0.007
13	0.47750659	0.07301294	33.192	2.397	0.966	0.009	0.023	0.007
14	0.47721322	0.07541098	32.944	2.458	0.965	0.008	0.024	0.007
15	0.47619023	0.07063242	33.284	2.472	0.967	0.008	0.023	0.007
16	0.47678297	0.06294402	33.485	2.529	0.971	0.008	0.022	0.007
17	0.47702506	0.07456189	33.416	2.546	0.971	0.008	0.022	0.007
18	0.47748812	0.06690794	33.646	2.444	0.973	0.010	0.022	0.007
19	0.47583113	0.06611012	33.678	2.501	0.971	0.008	0.022	0.007
20	0.47577969	0.06267298	33.926	2.739	0.977	0.009	0.021	0.008
21	0.47551499	0.06463203	33.512	2.667	0.973	0.009	0.022	0.008
22	0.47690487	0.12055004	33.378	2.555	0.964	0.009	0.022	0.007
23	0.47752887	0.06765903	33.724	2.709	0.972	0.009	0.022	0.008
24	0.47596356	0.06123337	33.855	2.748	0.974	0.009	0.021	0.008
25	0.47579987	0.05832149	33.807	2.740	0.974	0.008	0.022	0.008
26	0.47570316	0.06960809	33.765	2.855	0.977	0.009	0.022	0.008
27	0.47572064	0.06249843	33.824	2.803	0.975	0.009	0.022	0.008
28	0.47555809	0.05113807	34.267	2.897	0.980	0.009	0.021	0.008
29	0.47548776	0.05785284	34.020	2.914	0.979	0.010	0.021	0.008
30	0.47543610	0.06539387	33.764	2.813	0.972	0.010	0.022	0.008
31	0.47523965	0.06516718	33.854	2.898	0.976	0.009	0.022	0.008
32	0.47507555	0.05714713	34.152	2.895	0.980	0.009	0.021	0.008
33	0.47528078	0.09161451	33.956	2.810	0.967	0.010	0.021	0.008
34	0.47759775	0.10519235	33.122	2.624	0.960	0.009	0.023	0.008
35	0.47718918	0.07136067	34.211	2.874	0.971	0.008	0.021	0.008
36	0.47517181	0.05859293	34.208	2.923	0.980	0.010	0.021	0.008
37	0.47492105	0.05670935	34.245	2.976	0.979	0.009	0.021	0.008
38	0.47510898	0.05939189	34.187	2.980	0.979	0.009	0.021	0.008
39	0.47576493	0.05597081	34.197	2.937	0.979	0.009	0.021	0.008
40	0.47523243	0.06545114	34.093	2.847	0.973	0.010	0.021	0.008
41	0.47702653	0.06867959	33.994	2.906	0.973	0.010	0.021	0.008
42	0.47561348	0.05172359	34.457	3.069	0.977	0.009	0.020	0.008
43	0.47489445	0.05111219	34.280	3.082	0.980	0.010	0.021	0.008
44	0.47385197	0.06180935	34.147	2.969	0.977	0.009	0.021	0.008
45	0.47506226	0.05529926	34.409	3.124	0.981	0.010	0.020	0.009
46	0.47491513	0.05728541	34.393	3.061	0.980	0.009	0.020	0.008
47	0.47498163	0.05800967	34.193	3.084	0.979	0.009	0.021	0.009
48	0.47519172	0.05321189	34.634	3.169	0.981	0.009	0.020	0.009
49	0.47485936	0.05790422	34.488	3.112	0.980	0.009	0.020	0.008
50	0.47500190	0.05570032	34.364	3.152	0.980	0.009	0.021	0.009
51	0.47458705	0.05457235	34.405	3.078	0.979	0.009	0.020	0.008
52	0.47412304	0.06161976	34.279	3.154	0.981	0.010	0.021	0.009
53	0.47468328	0.05430315	34.221	3.144	0.980	0.010	0.021	0.009
54	0.47459970	0.05030788	34.339	3.172	0.982	0.010	0.021	0.009
55	0.47390678	0.04926319	34.682	3.265	0.982	0.010	0.020	0.009
56	0.47397607	0.05964032	34.467	3.172	0.979	0.010	0.020	0.009
57	0.47378884	0.05409902	34.314	3.228	0.983	0.010	0.021	0.009
58	0.47411820	0.05371095	34.475	3.162	0.980	0.009	0.020	0.009
59	0.47435555	0.05507908	34.410	3.129	0.980	0.009	0.020	0.009
60	0.47450928	0.05118436	34.539	3.246	0.980	0.009	0.020	0.009
61	0.47421042	0.05677433	34.357	3.140	0.979	0.009	0.021	0.009
62	0.47454270	0.05360945	34.524	3.231	0.981	0.009	0.020	0.009
63	0.47482075	0.05154929	34.488	3.237	0.982	0.009	0.020	0.009
64	0.47407473	0.05164137	34.452	3.227	0.981	0.009	0.020	0.009
65	0.47452909	0.05309535	34.553	3.203	0.981	0.009	0.020	0.009
66	0.47403410	0.05144785	34.457	3.218	0.982	0.010	0.020	0.009
67	0.47403719	0.05427724	34.537	3.320	0.982	0.010	0.020	0.009
68	0.47459701	0.06118272	34.423	3.228	0.979	0.009	0.021	0.009
69	0.47456048	0.06040617	34.452	3.192	0.981	0.009	0.020	0.009
70	0.47394705	0.05558130	34.502	3.299	0.981	0.010	0.020	0.009
71	0.47400532	0.05118675	34.420	3.267	0.981	0.010	0.021	0.009
72	0.47395963	0.05098308	34.614	3.330	0.981	0.010	0.020	0.009
73	0.47380885	0.05210002	34.468	3.264	0.981	0.010	0.020	0.009
74	0.47354182	0.05198197	34.499	3.323	0.982	0.010	0.020	0.009
75	0.47466124	0.05167352	34.480	3.339	0.981	0.010	0.020	0.009
76	0.47465815	0.05193929	34.400	3.270	0.982	0.010	0.021	0.009
77	0.47459008	0.05522186	34.652	3.295	0.981	0.010	0.020	0.009
78	0.47372290	0.05996992	34.223	3.181	0.977	0.010	0.021	0.009
79	0.47341436	0.05133622	34.312	3.301	0.982	0.010	0.021	0.009
80	0.47439248	0.05069840	34.588	3.376	0.982	0.010	0.020	0.009
81	0.47403256	0.05366764	34.353	3.268	0.981	0.010	0.021	0.009
82	0.47342843	0.05109249	34.560	3.437	0.982	0.010	0.020	0.009
83	0.47365074	0.04924877	34.474	3.321	0.981	0.010	0.020	0.009
84	0.47350407	0.05447601	34.333	3.323	0.981	0.010	0.021	0.009
85	0.47381993	0.05273422	34.554	3.334	0.981	0.010	0.020	0.009
86	0.47352465	0.04990428	34.604	3.345	0.982	0.010	0.020	0.009
87	0.47438503	0.05469061	34.446	3.339	0.981	0.010	0.021	0.009
88	0.47363965	0.05290394	34.567	3.429	0.981	0.010	0.020	0.009
89	0.47303960	0.05223365	34.362	3.348	0.980	0.010	0.021	0.009
90	0.47392982	0.05452307	34.427	3.298	0.980	0.010	0.021	0.009
91	0.47346335	0.05463387	34.521	3.412	0.981	0.010	0.020	0.009
92	0.47336284	0.04980812	34.619	3.406	0.982	0.010	0.020	0.009
93	0.47359555	0.05181878	34.515	3.369	0.982	0.010	0.020	0.009
94	0.47441192	0.05320521	34.510	3.356	0.981	0.010	0.020	0.009
95	0.47309156	0.05291615	34.481	3.432	0.982	0.011	0.021	0.009
96	0.47374813	0.04927305	34.585	3.449	0.982	0.011	0.020	0.009
97	0.47394837	0.05208944	34.562	3.449	0.982	0.010	0.020	0.009
98	0.47372400	0.05144438	34.509	3.401	0.982	0.010	0.020	0.009
99	0.47375521	0.05292781	34.454	3.415	0.981	0.010	0.021	0.009
100	0.47304619	0.05159135	34.431	3.392	0.982	0.010	0.021	0.009
101	0.47352924	0.05505243	34.618	3.398	0.981	0.010	0.020	0.009
102	0.47384142	0.05337224	34.416	3.365	0.982	0.010	0.021	0.009
103	0.47341034	0.05360854	34.398	3.377	0.980	0.010	0.021	0.009
104	0.47379091	0.05402219	34.469	3.362	0.980	0.010	0.021	0.009
105	0.47393923	0.05125092	34.571	3.428	0.981	0.010	0.020	0.009
106	0.47339244	0.05191113	34.543	3.432	0.981	0.010	0.020	0.009
107	0.47332546	0.05423339	34.478	3.372	0.981	0.010	0.021	0.009
108	0.47378409	0.05184847	34.519	3.424	0.982	0.010	0.020	0.009
109	0.47354324	0.05273739	34.521	3.416	0.981	0.010	0.020	0.009
110	0.47346859	0.05037230	34.557	3.426	0.980	0.010	0.020	0.009
111	0.47363229	0.05490052	34.408	3.410	0.980	0.010	0.021	0.009
112	0.47326017	0.04907843	34.547	3.418	0.981	0.010	0.020	0.009
113	0.47362214	0.05301691	34.512	3.401	0.981	0.010	0.020	0.009
114	0.47367988	0.04961161	34.484	3.436	0.982	0.010	0.021	0.010
115	0.47304158	0.05189642	34.407	3.435	0.981	0.011	0.021	0.010
116	0.47299380	0.05430259	34.484	3.405	0.981	0.010	0.021	0.009
117	0.47361804	0.05353636	34.418	3.424	0.981	0.010	0.021	0.009
118	0.47300083	0.05190477	34.463	3.470	0.981	0.011	0.021	0.010
119	0.47331027	0.05246889	34.439	3.430	0.980	0.010	0.021	0.009
120	0.47275556	0.05200421	34.463	3.478	0.981	0.011	0.021	0.010
121	0.47338897	0.05006452	34.511	3.499	0.982	0.011	0.021	0.010
122	0.47342035	0.05054262	34.587	3.561	0.982	0.011	0.020	0.010
123	0.47395608	0.05196696	34.527	3.487	0.981	0.011	0.021	0.010
124	0.47399685	0.05208930	34.475	3.459	0.981	0.011	0.021	0.010
125	0.47339315	0.05404647	34.556	3.484	0.982	0.011	0.020	0.010
126	0.47333100	0.05089777	34.432	3.490	0.981	0.011	0.021	0.010
127	0.47356069	0.05081314	34.511	3.440	0.981	0.010	0.021	0.010
128	0.47313833	0.05362261	34.549	3.507	0.981	0.010	0.021	0.010
129	0.47308316	0.05300344	34.334	3.433	0.981	0.010	0.021	0.010
130	0.47397847	0.05167710	34.553	3.460	0.981	0.011	0.020	0.010
131	0.47327478	0.05103992	34.595	3.494	0.981	0.010	0.020	0.010
132	0.47325393	0.05190507	34.485	3.456	0.981	0.010	0.021	0.010
133	0.47341373	0.05047208	34.464	3.479	0.981	0.011	0.021	0.010
134	0.47316648	0.05186667	34.499	3.477	0.981	0.011	0.021	0.010
135	0.47317542	0.05126292	34.557	3.490	0.981	0.011	0.020	0.010
136	0.47342886	0.05045735	34.496	3.458	0.982	0.011	0.021	0.010
137	0.47330943	0.05052722	34.526	3.457	0.981	0.010	0.020	0.010
138	0.47309472	0.04807858	34.569	3.507	0.982	0.011	0.020	0.010
139	0.47331873	0.05173318	34.592	3.491	0.981	0.011	0.020	0.010
140	0.47272287	0.05219568	34.490	3.482	0.981	0.011	0.021	0.010
141	0.47293744	0.05153696	34.437	3.437	0.981	0.011	0.021	0.010
142	0.47293772	0.05073317	34.482	3.468	0.981	0.011	0.021	0.010
143	0.47330227	0.05151006	34.500	3.475	0.981	0.011	0.021	0.010
144	0.47292487	0.05124415	34.533	3.482	0.981	0.011	0.021	0.010
145	0.47323961	0.05231208	34.513	3.468	0.981	0.011	0.021	0.010
146	0.47307128	0.05311336	34.441	3.445	0.981	0.011	0.021	0.010
147	0.47357637	0.05278038	34.446	3.471	0.981	0.011	0.021	0.010
148	0.47299071	0.05163025	34.449	3.462	0.981	0.011	0.021	0.010
149	0.47346829	0.05298817	34.520	3.491	0.981	0.011	0.021	0.010
150	0.47318631	0.05160084	34.527	3.535	0.981	0.011	0.021	0.010
