Epoch	TrainLoss	ValidLoss	PSNR	PSNR_std	SSIM	SSIM_std	NRMSE	NRMSE_std
1	0.61602960	0.24378071	24.890	1.759	0.807	0.036	0.058	0.011
2	0.52492729	0.16337274	27.722	1.451	0.870	0.023	0.042	0.007
3	0.51558262	0.13007605	28.946	1.792	0.919	0.016	0.036	0.007
4	0.51340734	0.11227158	29.528	1.842	0.942	0.014	0.034	0.007
5	0.51580050	0.11846527	29.425	1.861	0.902	0.013	0.035	0.008
6	0.51499219	0.12378560	30.122	1.726	0.941	0.011	0.032	0.007
7	0.50890850	0.11716750	30.686	2.009	0.949	0.016	0.030	0.007
8	0.50746695	0.11068319	29.724	1.272	0.958	0.008	0.033	0.005
9	0.50581066	0.09896873	30.815	1.796	0.956	0.015	0.029	0.007
10	0.50648145	0.09785370	31.036	1.724	0.967	0.009	0.029	0.006
11	0.50555600	0.10430411	30.693	2.126	0.948	0.018	0.030	0.008
12	0.50620439	0.09948550	30.886	1.531	0.964	0.011	0.029	0.006
13	0.50828422	0.18966095	31.040	1.863	0.925	0.033	0.029	0.007
14	0.50815158	0.10148956	30.972	1.780	0.959	0.013	0.029	0.006
15	0.50507250	0.08413415	30.884	1.853	0.966	0.010	0.029	0.007
16	0.50562832	0.09280653	31.179	1.868	0.964	0.011	0.028	0.007
17	0.50317613	0.08861585	30.580	1.836	0.963	0.010	0.030	0.007
18	0.50494929	0.08632495	31.043	2.006	0.972	0.010	0.029	0.007
19	0.50434696	0.09894350	30.811	1.752	0.961	0.012	0.029	0.007
20	0.50493276	0.08384958	30.704	1.950	0.969	0.010	0.030	0.007
21	0.50428329	0.07194974	32.038	1.972	0.975	0.010	0.026	0.007
22	0.50386920	0.07841731	31.019	1.886	0.974	0.010	0.029	0.007
23	0.50418746	0.10998113	30.704	1.933	0.966	0.010	0.030	0.007
24	0.50421211	0.14267615	29.724	1.598	0.963	0.009	0.033	0.007
25	0.51066416	0.13978517	31.217	1.937	0.949	0.019	0.028	0.007
26	0.50453204	0.09383480	30.657	1.952	0.965	0.009	0.030	0.007
27	0.50389148	0.08069606	30.836	2.087	0.972	0.010	0.030	0.007
28	0.50444917	0.08252259	31.045	1.904	0.969	0.010	0.029	0.007
29	0.50284341	0.08486378	31.252	2.144	0.970	0.010	0.028	0.007
30	0.50252066	0.07640566	30.824	2.144	0.968	0.010	0.030	0.008
31	0.50319440	0.08783322	30.512	1.893	0.969	0.010	0.031	0.007
32	0.50334952	0.07956646	31.700	2.278	0.971	0.012	0.027	0.008
33	0.50201104	0.08019976	31.278	2.219	0.973	0.010	0.028	0.008
34	0.50233567	0.08057768	30.611	2.050	0.972	0.010	0.030	0.007
35	0.50279843	0.08468914	31.357	2.191	0.971	0.011	0.028	0.008
36	0.50275597	0.07916192	31.440	2.445	0.974	0.010	0.028	0.008
37	0.50218961	0.07432026	31.185	2.055	0.975	0.010	0.028	0.007
38	0.50166067	0.08217207	30.007	2.299	0.967	0.012	0.033	0.008
39	0.50240643	0.07880670	31.307	2.211	0.970	0.010	0.028	0.008
40	0.50223750	0.08594214	30.299	2.307	0.965	0.010	0.032	0.008
41	0.50241290	0.07144774	32.402	2.360	0.978	0.011	0.025	0.008
42	0.50089396	0.07877198	31.144	2.168	0.975	0.010	0.029	0.008
43	0.50226667	0.07476994	31.503	2.381	0.974	0.010	0.028	0.008
44	0.50173223	0.08454796	30.977	2.069	0.975	0.010	0.029	0.008
45	0.50142039	0.06830308	32.326	2.360	0.976	0.010	0.025	0.008
46	0.50064144	0.06950880	31.467	2.568	0.976	0.010	0.028	0.009
47	0.50123763	0.07602239	31.179	2.393	0.974	0.010	0.029	0.008
48	0.50124002	0.07519599	31.097	2.123	0.974	0.009	0.029	0.008
49	0.50262272	0.08995243	30.736	2.721	0.970	0.014	0.031	0.009
50	0.50142970	0.07422997	31.237	2.267	0.976	0.010	0.028	0.008
51	0.50177853	0.07870637	30.865	2.685	0.971	0.012	0.030	0.009
52	0.50127500	0.07311246	32.231	2.414	0.976	0.011	0.026	0.008
53	0.50140740	0.06859856	31.912	2.342	0.978	0.010	0.026	0.008
54	0.50090873	0.07305399	31.687	2.453	0.976	0.010	0.027	0.008
55	0.50035708	0.06947470	31.291	2.150	0.977	0.010	0.028	0.008
56	0.50250019	0.07464326	31.502	2.328	0.975	0.010	0.028	0.008
57	0.50170122	0.07293873	31.472	2.531	0.974	0.010	0.028	0.009
58	0.50050379	0.07503236	30.725	2.481	0.970	0.011	0.030	0.009
59	0.50160805	0.07181290	31.205	2.659	0.973	0.011	0.029	0.009
60	0.50193005	0.07175787	30.823	2.862	0.969	0.012	0.030	0.010
61	0.50060581	0.08525910	30.860	2.154	0.975	0.010	0.030	0.008
62	0.50207912	0.07171152	30.677	2.217	0.968	0.010	0.030	0.008
63	0.50158889	0.07067748	31.274	3.010	0.972	0.012	0.029	0.010
64	0.50106172	0.07430695	31.558	2.841	0.974	0.011	0.028	0.009
65	0.50144252	0.07864726	30.136	2.221	0.970	0.011	0.032	0.008
66	0.50163172	0.06951202	31.478	2.439	0.977	0.010	0.028	0.008
67	0.50167756	0.06691860	31.594	2.477	0.976	0.010	0.027	0.009
68	0.50068045	0.07988217	31.051	2.472	0.975	0.010	0.029	0.009
69	0.50100700	0.06922324	31.403	2.509	0.976	0.010	0.028	0.009
70	0.50113826	0.07166641	31.356	2.570	0.976	0.010	0.028	0.009
71	0.50103102	0.07195126	30.789	2.821	0.973	0.012	0.030	0.010
72	0.49992051	0.07090420	31.517	2.464	0.977	0.010	0.028	0.008
73	0.50117334	0.07163127	31.277	2.349	0.976	0.010	0.028	0.008
74	0.50073881	0.07164044	31.016	2.673	0.973	0.011	0.029	0.009
75	0.50137780	0.07196088	30.923	2.205	0.976	0.010	0.029	0.008
76	0.50150610	0.06590624	31.755	2.737	0.975	0.010	0.027	0.009
77	0.50062920	0.07044347	31.504	2.597	0.976	0.010	0.028	0.009
78	0.50027496	0.07221370	31.153	2.657	0.974	0.011	0.029	0.009
79	0.49829126	0.06931234	31.103	2.781	0.974	0.012	0.029	0.009
80	0.50095581	0.07254609	30.498	2.430	0.973	0.011	0.031	0.009
81	0.50078404	0.07678614	30.564	2.512	0.971	0.012	0.031	0.009
82	0.50068595	0.07543831	31.175	2.568	0.974	0.011	0.029	0.009
83	0.50070624	0.07692241	31.280	2.997	0.973	0.012	0.029	0.010
84	0.50069804	0.06927536	31.522	2.435	0.977	0.010	0.028	0.008
85	0.50063497	0.07016291	30.991	2.595	0.974	0.011	0.030	0.009
86	0.50054020	0.07528914	30.726	2.732	0.972	0.012	0.031	0.009
87	0.50026078	0.06646338	31.282	2.594	0.975	0.010	0.029	0.009
88	0.49943154	0.07261551	31.054	2.622	0.973	0.011	0.029	0.009
89	0.50125446	0.07435147	31.110	2.537	0.975	0.011	0.029	0.009
90	0.49963268	0.07311176	30.529	3.002	0.970	0.014	0.032	0.011
91	0.50032644	0.06540947	31.544	2.573	0.977	0.010	0.028	0.009
92	0.50189200	0.07409855	30.826	2.568	0.973	0.011	0.030	0.009
93	0.50068432	0.07058879	31.152	2.470	0.976	0.010	0.029	0.009
94	0.50005192	0.07062764	31.345	2.927	0.974	0.012	0.029	0.010
95	0.50073320	0.07314195	31.079	2.696	0.974	0.011	0.029	0.009
96	0.50083595	0.07103419	31.105	2.799	0.974	0.011	0.029	0.010
97	0.50009742	0.07187330	31.154	2.672	0.975	0.011	0.029	0.009
98	0.50062325	0.07128450	31.348	2.500	0.976	0.011	0.028	0.009
99	0.50114901	0.07675380	30.468	2.405	0.972	0.011	0.031	0.009
100	0.49879270	0.07206116	31.225	2.708	0.974	0.011	0.029	0.009
101	0.50090454	0.07065282	31.243	2.645	0.975	0.011	0.029	0.009
102	0.49783254	0.07361965	31.219	2.670	0.974	0.011	0.029	0.009
103	0.50018016	0.06484021	31.662	2.476	0.978	0.011	0.027	0.008
104	0.50034947	0.07453624	31.064	2.504	0.975	0.010	0.029	0.009
105	0.50135461	0.07495921	30.890	2.783	0.972	0.012	0.030	0.010
106	0.50049937	0.06925676	31.239	2.688	0.975	0.011	0.029	0.009
107	0.49990216	0.06861481	31.210	2.581	0.976	0.011	0.029	0.009
108	0.50011054	0.07335421	30.702	2.705	0.972	0.012	0.031	0.009
109	0.50027891	0.07101809	31.163	2.610	0.975	0.011	0.029	0.009
110	0.49953356	0.07252887	31.119	2.713	0.975	0.011	0.029	0.009
111	0.49945727	0.07195254	31.198	2.683	0.976	0.011	0.029	0.009
112	0.49893862	0.06727935	31.476	2.643	0.977	0.010	0.028	0.009
113	0.50033121	0.07383873	31.145	2.530	0.975	0.011	0.029	0.009
114	0.50064102	0.07318513	30.847	2.763	0.973	0.012	0.030	0.010
115	0.50080512	0.07103535	31.089	2.577	0.975	0.011	0.029	0.009
116	0.50037553	0.06752339	31.272	2.604	0.976	0.011	0.029	0.009
117	0.50037405	0.07036855	30.988	2.692	0.975	0.011	0.030	0.009
118	0.49780868	0.07443568	31.031	2.704	0.974	0.011	0.029	0.009
119	0.50164901	0.07170423	30.772	2.691	0.973	0.012	0.030	0.009
120	0.50071491	0.07337233	30.803	2.701	0.973	0.012	0.030	0.009
121	0.50120725	0.06853463	31.209	2.615	0.975	0.011	0.029	0.009
122	0.49945669	0.07102030	30.991	2.652	0.974	0.011	0.030	0.009
123	0.50012021	0.06981157	30.980	2.645	0.974	0.011	0.030	0.009
124	0.49943602	0.07107062	31.068	2.714	0.974	0.011	0.029	0.009
125	0.50030505	0.06859110	31.210	2.719	0.975	0.011	0.029	0.009
126	0.50059241	0.07397579	30.467	2.805	0.971	0.013	0.032	0.010
127	0.50027127	0.07042148	30.938	2.699	0.973	0.011	0.030	0.009
128	0.50025410	0.06839981	31.115	2.636	0.975	0.011	0.029	0.009
129	0.49969333	0.07051704	30.946	2.828	0.974	0.012	0.030	0.010
130	0.50015542	0.07181626	30.986	2.758	0.974	0.012	0.030	0.009
131	0.50040141	0.07145069	31.197	2.546	0.976	0.010	0.029	0.009
132	0.50003166	0.06759832	31.235	2.679	0.976	0.011	0.029	0.009
133	0.50052857	0.07004790	31.003	2.713	0.974	0.011	0.030	0.009
134	0.50042310	0.07155031	30.799	2.721	0.973	0.012	0.030	0.009
135	0.50041260	0.07220986	30.743	2.757	0.972	0.012	0.031	0.010
136	0.50069887	0.07152584	30.850	2.728	0.973	0.012	0.030	0.009
137	0.49966327	0.07177743	31.069	2.730	0.974	0.011	0.029	0.009
138	0.50013317	0.07091489	31.049	2.710	0.974	0.011	0.029	0.009
139	0.49946946	0.07152411	30.664	2.764	0.972	0.013	0.031	0.010
140	0.50085161	0.07150085	30.969	2.719	0.973	0.011	0.030	0.009
141	0.49970266	0.07289502	30.764	2.754	0.973	0.012	0.030	0.010
142	0.49959847	0.06912604	30.990	2.733	0.974	0.012	0.030	0.009
143	0.49983358	0.06857604	31.281	2.741	0.975	0.011	0.029	0.009
144	0.49983598	0.07055362	30.995	2.732	0.974	0.012	0.030	0.009
145	0.49973308	0.07148240	30.968	2.670	0.974	0.011	0.030	0.009
146	0.49942855	0.07146595	30.846	2.712	0.973	0.012	0.030	0.009
147	0.50106551	0.06959102	30.877	2.826	0.973	0.012	0.030	0.010
148	0.49963142	0.07020030	31.345	2.730	0.975	0.011	0.028	0.009
149	0.50052655	0.07368262	30.647	2.688	0.973	0.012	0.031	0.009
150	0.49907581	0.06998964	30.935	2.810	0.973	0.012	0.030	0.010
