Epoch	TrainLoss	ValidLoss	PSNR	PSNR_std	SSIM	SSIM_std	NRMSE	NRMSE_std
1	0.18776855	0.10270874	33.562	1.623	0.949	0.019	0.021	0.004
2	0.17971369	0.10494843	33.714	1.693	0.950	0.019	0.021	0.004
3	0.17882364	0.10382658	33.671	1.753	0.949	0.020	0.021	0.004
4	0.17862299	0.10547900	33.611	1.692	0.949	0.019	0.021	0.004
5	0.17825833	0.10385387	33.662	1.708	0.950	0.019	0.021	0.004
6	0.17800692	0.10194097	33.508	1.622	0.949	0.018	0.021	0.004
7	0.17793496	0.10144995	33.743	1.737	0.950	0.019	0.021	0.004
8	0.17781217	0.10171003	33.595	1.644	0.950	0.018	0.021	0.004
9	0.17761509	0.10094475	33.578	1.715	0.950	0.019	0.021	0.004
10	0.17752042	0.10164938	33.561	1.682	0.949	0.018	0.021	0.004
11	0.17741153	0.10496906	33.591	1.675	0.950	0.018	0.021	0.004
12	0.17748342	0.10227923	33.575	1.734	0.949	0.019	0.021	0.004
13	0.17741938	0.10089563	33.682	1.716	0.950	0.019	0.021	0.004
14	0.17726285	0.10249867	33.535	1.737	0.949	0.019	0.021	0.004
15	0.17712871	0.10740640	33.564	1.711	0.950	0.019	0.021	0.004
16	0.17711948	0.10162399	33.657	1.790	0.950	0.019	0.021	0.004
17	0.17719047	0.10261425	33.595	1.741	0.949	0.019	0.021	0.004
18	0.17693723	0.10327372	33.597	1.725	0.950	0.019	0.021	0.004
19	0.17713711	0.10285880	33.629	1.779	0.949	0.019	0.021	0.004
20	0.17709593	0.10213027	33.567	1.736	0.950	0.019	0.021	0.004
21	0.17702841	0.10315021	33.695	1.764	0.950	0.019	0.021	0.004
22	0.17698861	0.10184423	33.625	1.683	0.951	0.018	0.021	0.004
23	0.17676853	0.10236513	33.528	1.736	0.949	0.018	0.021	0.004
24	0.17686194	0.10133616	33.636	1.738	0.950	0.019	0.021	0.004
25	0.17687400	0.10253401	33.567	1.748	0.950	0.018	0.021	0.004
26	0.17673473	0.10002835	33.683	1.742	0.951	0.018	0.021	0.004
27	0.17682746	0.10207866	33.595	1.741	0.950	0.019	0.021	0.004
28	0.17679447	0.10215833	33.588	1.712	0.950	0.018	0.021	0.004
29	0.17681051	0.10202517	33.451	1.726	0.949	0.018	0.022	0.004
30	0.17673159	0.10291544	33.613	1.731	0.951	0.018	0.021	0.004
31	0.17649916	0.10251928	33.497	1.759	0.950	0.019	0.022	0.004
32	0.17674750	0.10216358	33.585	1.753	0.950	0.018	0.021	0.004
33	0.17662879	0.10388702	33.690	1.747	0.951	0.018	0.021	0.004
34	0.17662428	0.10292603	33.598	1.731	0.950	0.018	0.021	0.004
35	0.17650387	0.10305788	33.502	1.737	0.950	0.018	0.022	0.004
36	0.17654141	0.10193976	33.574	1.730	0.950	0.018	0.021	0.004
37	0.17652833	0.10262321	33.582	1.744	0.950	0.018	0.021	0.004
38	0.17646938	0.10334910	33.632	1.733	0.950	0.018	0.021	0.004
39	0.17646792	0.10143860	33.489	1.744	0.950	0.018	0.022	0.004
40	0.17646502	0.10210306	33.625	1.747	0.951	0.018	0.021	0.004
41	0.17633231	0.10210963	33.584	1.738	0.950	0.018	0.021	0.004
42	0.17633520	0.10270503	33.574	1.767	0.950	0.018	0.021	0.004
43	0.17645209	0.10340778	33.497	1.769	0.950	0.018	0.022	0.004
44	0.17642165	0.10217122	33.626	1.764	0.950	0.019	0.021	0.004
45	0.17642749	0.10262663	33.558	1.759	0.950	0.018	0.021	0.004
46	0.17622553	0.10183873	33.473	1.741	0.950	0.018	0.022	0.004
47	0.17635280	0.10393503	33.470	1.781	0.950	0.018	0.022	0.004
48	0.17626023	0.10221282	33.608	1.761	0.951	0.018	0.021	0.004
49	0.17629707	0.10256708	33.509	1.751	0.950	0.018	0.022	0.004
50	0.17622009	0.10183511	33.582	1.740	0.950	0.018	0.021	0.004
51	0.17630710	0.10300677	33.494	1.739	0.950	0.018	0.022	0.004
52	0.17629424	0.10332408	33.470	1.755	0.949	0.019	0.022	0.004
53	0.17621214	0.10251826	33.517	1.768	0.950	0.018	0.022	0.004
54	0.17625181	0.10246326	33.521	1.785	0.950	0.018	0.022	0.004
55	0.17622217	0.10237315	33.604	1.758	0.950	0.018	0.021	0.004
56	0.17624558	0.10285457	33.582	1.763	0.950	0.019	0.021	0.004
57	0.17616913	0.10268133	33.483	1.862	0.950	0.018	0.022	0.005
58	0.17613248	0.10242537	33.510	1.796	0.950	0.018	0.022	0.004
59	0.17626014	0.10208536	33.510	1.816	0.950	0.018	0.022	0.005
60	0.17616506	0.10352392	33.529	1.760	0.950	0.018	0.022	0.004
61	0.17610888	0.10375408	33.486	1.782	0.950	0.018	0.022	0.004
62	0.17604545	0.10191912	33.573	1.786	0.950	0.018	0.021	0.004
63	0.17622675	0.10235591	33.573	1.781	0.950	0.018	0.021	0.004
64	0.17624988	0.10231398	33.594	1.753	0.951	0.018	0.021	0.004
65	0.17615571	0.10215350	33.593	1.780	0.950	0.019	0.021	0.004
66	0.17611934	0.10247716	33.571	1.768	0.950	0.018	0.021	0.004
67	0.17611126	0.10194048	33.601	1.790	0.950	0.018	0.021	0.004
68	0.17602627	0.10212091	33.532	1.775	0.950	0.018	0.022	0.004
69	0.17598090	0.10278381	33.469	1.789	0.950	0.018	0.022	0.004
70	0.17602876	0.10297562	33.496	1.814	0.950	0.018	0.022	0.005
71	0.17612839	0.10263317	33.498	1.816	0.950	0.018	0.022	0.005
72	0.17601047	0.10284399	33.470	1.798	0.950	0.018	0.022	0.005
73	0.17598546	0.10202429	33.497	1.798	0.950	0.018	0.022	0.004
74	0.17601996	0.10375209	33.323	1.912	0.949	0.019	0.022	0.005
75	0.17600515	0.10341595	33.532	1.773	0.950	0.018	0.022	0.004
76	0.17596081	0.10268997	33.580	1.774	0.950	0.018	0.021	0.004
77	0.17597303	0.10267646	33.498	1.774	0.950	0.018	0.022	0.004
78	0.17584768	0.10244990	33.451	1.843	0.950	0.018	0.022	0.005
79	0.17604913	0.10309936	33.511	1.776	0.950	0.018	0.022	0.004
80	0.17582327	0.10307755	33.528	1.754	0.950	0.018	0.021	0.004
81	0.17595467	0.10315088	33.486	1.855	0.950	0.018	0.022	0.005
82	0.17595665	0.10263793	33.462	1.945	0.950	0.019	0.022	0.005
83	0.17584326	0.10210377	33.540	1.774	0.950	0.018	0.021	0.004
84	0.17594519	0.10236498	33.519	1.822	0.950	0.018	0.022	0.005
85	0.17598113	0.10206642	33.572	1.768	0.950	0.018	0.021	0.004
86	0.17581154	0.10350960	33.402	1.967	0.949	0.019	0.022	0.005
87	0.17589695	0.10264446	33.583	1.773	0.950	0.018	0.021	0.004
88	0.17599380	0.10233110	33.497	1.846	0.950	0.018	0.022	0.005
89	0.17589139	0.10218762	33.610	1.800	0.951	0.018	0.021	0.004
90	0.17603084	0.10198056	33.490	1.920	0.950	0.019	0.022	0.005
91	0.17584494	0.10295973	33.482	1.856	0.950	0.018	0.022	0.005
92	0.17577146	0.10284231	33.542	1.770	0.950	0.018	0.021	0.004
93	0.17584258	0.10322905	33.426	1.951	0.950	0.019	0.022	0.005
94	0.17571474	0.10292503	33.487	1.778	0.950	0.018	0.022	0.004
95	0.17587423	0.10246047	33.502	1.842	0.950	0.018	0.022	0.005
96	0.17586794	0.10283295	33.465	1.860	0.950	0.018	0.022	0.005
97	0.17575767	0.10293928	33.452	1.880	0.950	0.018	0.022	0.005
98	0.17584483	0.10246036	33.495	1.814	0.950	0.018	0.022	0.005
99	0.17589929	0.10243862	33.528	1.821	0.950	0.018	0.022	0.005
100	0.17583975	0.10315187	33.501	1.855	0.950	0.018	0.022	0.005
101	0.17573859	0.10206766	33.515	1.886	0.950	0.019	0.022	0.005
102	0.17588310	0.10331562	33.461	1.820	0.950	0.018	0.022	0.005
103	0.17577146	0.10213349	33.535	1.823	0.950	0.018	0.022	0.005
104	0.17580344	0.10203158	33.565	1.854	0.950	0.018	0.021	0.005
105	0.17582661	0.10291177	33.480	1.832	0.950	0.018	0.022	0.005
106	0.17579141	0.10260752	33.499	1.885	0.950	0.018	0.022	0.005
107	0.17567095	0.10284899	33.528	1.845	0.950	0.018	0.022	0.005
108	0.17581550	0.10304634	33.517	1.871	0.950	0.018	0.022	0.005
109	0.17571753	0.10249874	33.471	1.850	0.950	0.018	0.022	0.005
110	0.17567876	0.10266157	33.438	1.897	0.949	0.018	0.022	0.005
111	0.17571548	0.10293882	33.496	1.940	0.950	0.019	0.022	0.005
112	0.17571990	0.10326258	33.459	1.895	0.950	0.019	0.022	0.005
113	0.17567772	0.10314788	33.480	1.903	0.950	0.018	0.022	0.005
114	0.17573954	0.10309840	33.446	1.948	0.950	0.019	0.022	0.005
115	0.17567704	0.10249423	33.538	1.845	0.950	0.018	0.022	0.005
116	0.17584831	0.10256055	33.488	1.925	0.950	0.019	0.022	0.005
117	0.17568240	0.10276767	33.479	1.863	0.950	0.018	0.022	0.005
118	0.17581571	0.10289846	33.456	1.914	0.950	0.018	0.022	0.005
119	0.17565827	0.10284032	33.493	1.861	0.950	0.018	0.022	0.005
120	0.17578786	0.10250346	33.494	1.854	0.950	0.018	0.022	0.005
121	0.17590162	0.10265970	33.545	1.832	0.950	0.018	0.022	0.005
122	0.17568648	0.10310821	33.471	1.943	0.950	0.019	0.022	0.005
123	0.17574021	0.10274833	33.476	1.819	0.950	0.018	0.022	0.005
124	0.17575520	0.10353589	33.434	1.894	0.950	0.018	0.022	0.005
125	0.17556955	0.10323878	33.482	1.967	0.950	0.019	0.022	0.006
126	0.17575326	0.10306255	33.422	1.960	0.950	0.019	0.022	0.005
127	0.17565814	0.10276306	33.479	1.877	0.950	0.018	0.022	0.005
128	0.17570228	0.10268693	33.469	1.867	0.950	0.018	0.022	0.005
129	0.17573237	0.10330935	33.440	1.935	0.950	0.019	0.022	0.005
130	0.17564067	0.10271011	33.466	1.885	0.950	0.018	0.022	0.005
131	0.17570522	0.10291141	33.437	1.942	0.950	0.019	0.022	0.005
132	0.17585798	0.10388389	33.344	2.066	0.949	0.019	0.022	0.006
133	0.17561507	0.10266489	33.475	1.875	0.950	0.018	0.022	0.005
134	0.17570981	0.10262221	33.492	1.855	0.950	0.018	0.022	0.005
135	0.17572674	0.10306501	33.469	1.929	0.950	0.019	0.022	0.005
136	0.17562102	0.10286809	33.466	1.863	0.950	0.018	0.022	0.005
137	0.17555811	0.10262956	33.487	1.893	0.950	0.018	0.022	0.005
138	0.17551079	0.10272778	33.463	1.926	0.950	0.019	0.022	0.005
139	0.17571389	0.10292002	33.485	1.881	0.950	0.018	0.022	0.005
140	0.17578018	0.10292194	33.451	1.905	0.950	0.019	0.022	0.005
141	0.17577463	0.10264337	33.481	1.888	0.950	0.018	0.022	0.005
142	0.17557777	0.10322263	33.418	1.985	0.950	0.019	0.022	0.005
143	0.17566361	0.10323461	33.440	1.918	0.950	0.019	0.022	0.005
144	0.17569384	0.10258868	33.518	1.855	0.950	0.018	0.022	0.005
145	0.17561457	0.10306789	33.461	1.877	0.950	0.018	0.022	0.005
146	0.17572232	0.10305636	33.465	1.885	0.950	0.018	0.022	0.005
147	0.17554245	0.10294863	33.477	1.917	0.950	0.019	0.022	0.005
148	0.17574022	0.10255779	33.498	1.867	0.950	0.018	0.022	0.005
149	0.17564312	0.10304838	33.487	1.879	0.950	0.018	0.022	0.005
150	0.17575663	0.10311162	33.419	1.955	0.950	0.019	0.022	0.005
