Epoch	TrainLoss	ValidLoss	PSNR	PSNR_std	SSIM	SSIM_std	NRMSE	NRMSE_std
1	0.61282583	0.20400228	24.634	1.552	0.732	0.032	0.060	0.010
2	0.52297577	0.16646437	27.726	1.626	0.848	0.022	0.042	0.007
3	0.52139825	0.16667722	29.106	1.560	0.899	0.011	0.036	0.006
4	0.51161406	0.10543430	30.271	1.863	0.915	0.013	0.031	0.007
5	0.50733407	0.12139955	30.037	1.922	0.932	0.010	0.032	0.007
6	0.50718219	0.08503036	30.894	1.918	0.942	0.012	0.029	0.007
7	0.50619398	0.09737690	31.345	1.758	0.942	0.012	0.028	0.006
8	0.50862893	0.24028252	31.120	1.957	0.913	0.024	0.029	0.006
9	0.51874202	0.12851491	30.369	1.917	0.928	0.009	0.031	0.007
10	0.50707343	0.08721590	31.361	1.823	0.943	0.012	0.028	0.006
11	0.50338537	0.08444627	30.594	2.153	0.941	0.013	0.030	0.008
12	0.50314439	0.08943407	31.583	1.900	0.956	0.009	0.027	0.007
13	0.50457094	0.07743243	32.077	1.984	0.953	0.019	0.026	0.007
14	0.50331602	0.08160322	31.584	2.377	0.959	0.010	0.027	0.008
15	0.50239258	0.08472336	30.869	1.606	0.937	0.017	0.029	0.006
16	0.50181127	0.07595326	31.796	1.900	0.959	0.014	0.026	0.007
17	0.50164374	0.06770001	32.114	2.142	0.954	0.016	0.026	0.007
18	0.50198718	0.08106724	30.596	1.711	0.936	0.032	0.030	0.007
19	0.50240872	0.08034788	31.843	2.073	0.958	0.017	0.026	0.007
20	0.50267366	0.08886513	29.489	2.526	0.902	0.067	0.035	0.009
21	0.50259155	0.08331039	31.381	1.952	0.949	0.022	0.028	0.007
22	0.50144390	0.06199727	31.912	2.242	0.951	0.024	0.026	0.007
23	0.50313742	0.07688693	31.476	1.999	0.956	0.016	0.027	0.007
24	0.50165033	0.06666165	31.965	2.265	0.960	0.018	0.026	0.007
25	0.50098692	0.07357940	31.597	2.206	0.954	0.023	0.027	0.008
26	0.50113870	0.08887808	30.596	2.326	0.947	0.029	0.031	0.008
27	0.50162622	0.07385845	31.484	2.235	0.956	0.023	0.028	0.007
28	0.50080490	0.08893465	31.087	2.005	0.958	0.018	0.029	0.007
29	0.50246441	0.08341785	31.081	2.026	0.951	0.013	0.029	0.008
30	0.50025915	0.08642530	31.339	2.222	0.952	0.024	0.028	0.007
31	0.50129082	0.07701927	31.037	2.107	0.955	0.024	0.029	0.007
32	0.50066534	0.06351186	32.442	2.213	0.971	0.011	0.025	0.007
33	0.50303159	0.15988903	30.876	1.955	0.944	0.016	0.029	0.007
34	0.50329108	0.08551272	30.603	2.395	0.942	0.035	0.031	0.009
35	0.50067991	0.08058630	31.175	2.098	0.956	0.019	0.028	0.007
36	0.50081303	0.07475140	31.815	2.110	0.959	0.017	0.026	0.007
37	0.49985878	0.07942770	30.768	2.066	0.954	0.023	0.030	0.008
38	0.50032595	0.07784864	30.644	1.727	0.947	0.015	0.030	0.006
39	0.50044355	0.07030851	30.913	2.239	0.952	0.024	0.029	0.008
40	0.50035817	0.07697401	30.722	2.290	0.955	0.024	0.030	0.008
41	0.49981232	0.06994783	31.504	1.986	0.960	0.013	0.027	0.007
42	0.49930270	0.07681933	31.306	2.492	0.959	0.022	0.028	0.008
43	0.50108975	0.06854027	30.636	2.158	0.951	0.024	0.030	0.008
44	0.49959201	0.07722471	32.393	2.209	0.970	0.012	0.025	0.007
45	0.49981989	0.07359607	31.660	2.455	0.961	0.017	0.027	0.008
46	0.49980456	0.07070599	31.648	2.386	0.961	0.019	0.027	0.008
47	0.50027759	0.06767188	31.676	2.397	0.960	0.021	0.027	0.008
48	0.50008411	0.06850717	31.995	2.190	0.968	0.013	0.026	0.007
49	0.50039401	0.08253142	30.908	2.305	0.957	0.020	0.030	0.008
50	0.49985649	0.07548502	30.008	2.345	0.943	0.031	0.033	0.009
51	0.49935788	0.06803808	32.313	2.420	0.968	0.015	0.025	0.008
52	0.49958126	0.06682512	31.460	2.397	0.959	0.019	0.028	0.008
53	0.50003917	0.06817261	31.929	2.283	0.967	0.015	0.026	0.008
54	0.49845461	0.07202929	31.223	2.514	0.958	0.022	0.029	0.009
55	0.49913522	0.07355903	31.135	2.622	0.957	0.023	0.029	0.009
56	0.49960720	0.06544630	31.169	2.069	0.963	0.015	0.028	0.007
57	0.49889734	0.07444258	30.990	2.875	0.948	0.029	0.030	0.010
58	0.49913834	0.07726491	31.272	2.764	0.954	0.025	0.029	0.009
59	0.50038466	0.07274557	31.095	2.365	0.959	0.020	0.029	0.008
60	0.49904273	0.06994527	31.302	2.531	0.960	0.020	0.028	0.008
61	0.49833184	0.07255099	30.192	2.930	0.941	0.033	0.033	0.011
62	0.50044575	0.07282135	31.432	2.648	0.960	0.023	0.028	0.009
63	0.49897453	0.06398070	31.593	2.599	0.963	0.020	0.028	0.008
64	0.50053698	0.07064329	31.342	2.340	0.962	0.019	0.028	0.008
65	0.49937036	0.07022022	31.874	2.674	0.963	0.018	0.027	0.009
66	0.49936224	0.07138710	30.926	2.563	0.954	0.023	0.030	0.009
67	0.49940870	0.06417153	31.431	2.181	0.962	0.015	0.028	0.008
68	0.49821136	0.07677367	31.239	2.389	0.960	0.019	0.029	0.008
69	0.49889213	0.07057301	30.857	2.487	0.953	0.023	0.030	0.009
70	0.49986200	0.07325503	31.162	2.953	0.955	0.026	0.029	0.010
71	0.49942641	0.06641165	31.652	2.539	0.962	0.019	0.027	0.009
72	0.49865383	0.07043980	31.774	2.578	0.965	0.017	0.027	0.009
73	0.49804176	0.06570912	32.158	2.534	0.969	0.014	0.026	0.008
74	0.49990855	0.07108027	31.018	2.461	0.957	0.021	0.029	0.009
75	0.49992170	0.07040218	30.890	2.639	0.955	0.022	0.030	0.009
76	0.49793354	0.07078255	30.704	2.632	0.957	0.023	0.031	0.009
77	0.49782706	0.07020635	30.883	2.766	0.956	0.024	0.030	0.010
78	0.49954547	0.06718755	31.557	2.095	0.961	0.012	0.027	0.008
79	0.49935615	0.06932949	31.141	2.689	0.957	0.021	0.029	0.009
80	0.49766860	0.06985382	30.861	2.562	0.956	0.022	0.030	0.009
81	0.49840946	0.07293080	30.329	2.396	0.957	0.022	0.032	0.009
82	0.49912196	0.06920211	31.092	2.395	0.961	0.018	0.029	0.008
83	0.49864490	0.06809803	31.177	2.449	0.959	0.020	0.029	0.008
84	0.49950412	0.06603371	32.114	2.614	0.967	0.015	0.026	0.008
85	0.49901988	0.07171141	32.019	2.871	0.966	0.016	0.027	0.009
86	0.49957350	0.06996067	31.601	2.731	0.964	0.018	0.028	0.009
87	0.49764222	0.07190594	30.894	2.847	0.952	0.025	0.030	0.010
88	0.49772413	0.06455820	31.388	2.537	0.962	0.020	0.028	0.008
89	0.49848353	0.06366653	31.610	2.515	0.965	0.017	0.027	0.008
90	0.49927555	0.06771151	31.463	2.482	0.964	0.018	0.028	0.008
91	0.49973654	0.06740008	31.468	2.435	0.962	0.017	0.028	0.008
92	0.49818864	0.06714560	31.569	2.603	0.963	0.017	0.028	0.009
93	0.49874759	0.06436406	31.494	2.496	0.963	0.016	0.028	0.008
94	0.49910843	0.07058287	31.297	2.398	0.964	0.016	0.028	0.008
95	0.49884999	0.06894422	31.296	2.709	0.960	0.019	0.029	0.009
96	0.49799229	0.06805709	31.251	2.590	0.960	0.019	0.029	0.009
97	0.49952741	0.07474476	30.632	2.804	0.952	0.025	0.031	0.010
98	0.49741801	0.06801515	31.450	2.516	0.964	0.017	0.028	0.009
99	0.49812958	0.06538877	31.262	2.709	0.958	0.020	0.029	0.009
100	0.49766873	0.06994285	31.573	2.690	0.965	0.018	0.028	0.009
101	0.49798656	0.06634321	31.257	2.482	0.960	0.019	0.029	0.008
102	0.49876770	0.06777415	31.198	2.746	0.958	0.022	0.029	0.009
103	0.49759211	0.06919886	31.519	2.464	0.966	0.015	0.028	0.008
104	0.49957372	0.06889433	31.227	2.638	0.961	0.019	0.029	0.009
105	0.49887963	0.06741274	31.101	2.751	0.957	0.021	0.029	0.009
106	0.49758648	0.06854199	31.106	2.783	0.958	0.020	0.029	0.009
107	0.49794939	0.06882815	31.562	2.547	0.965	0.016	0.028	0.008
108	0.50081049	0.07064899	31.036	2.542	0.959	0.020	0.029	0.009
109	0.49755122	0.06963034	31.319	2.721	0.960	0.020	0.029	0.009
110	0.49902568	0.06878191	31.241	2.601	0.958	0.021	0.029	0.009
111	0.49777005	0.07008243	31.052	2.757	0.957	0.023	0.029	0.009
112	0.49820605	0.06582713	31.518	2.642	0.963	0.018	0.028	0.009
113	0.49780116	0.06879261	30.803	2.756	0.955	0.023	0.030	0.010
114	0.49912257	0.07131820	31.413	2.660	0.962	0.020	0.028	0.009
115	0.49773535	0.06560026	31.336	2.496	0.961	0.018	0.028	0.009
116	0.49900657	0.06795935	31.192	2.720	0.959	0.020	0.029	0.009
117	0.49875976	0.06872878	31.070	2.735	0.958	0.021	0.029	0.009
118	0.49822986	0.06714842	31.391	2.528	0.964	0.017	0.028	0.009
119	0.49865536	0.06763681	31.012	2.664	0.959	0.020	0.030	0.009
120	0.49892379	0.06968310	31.315	2.730	0.961	0.020	0.029	0.009
121	0.49843849	0.06998711	30.977	2.836	0.956	0.024	0.030	0.010
122	0.49779694	0.06892410	31.223	2.709	0.960	0.021	0.029	0.009
123	0.49808986	0.06922297	31.334	2.722	0.959	0.020	0.028	0.009
124	0.49782898	0.06927502	31.332	2.654	0.960	0.019	0.028	0.009
125	0.49768429	0.07024828	31.127	2.673	0.959	0.020	0.029	0.009
126	0.49798156	0.06912193	31.155	2.741	0.957	0.022	0.029	0.009
127	0.49787595	0.06739308	31.403	2.693	0.963	0.019	0.028	0.009
128	0.49715725	0.06998528	31.017	2.699	0.956	0.022	0.030	0.009
129	0.49786822	0.07064219	31.314	2.663	0.962	0.019	0.029	0.009
130	0.49673004	0.06771905	31.205	2.709	0.960	0.020	0.029	0.009
131	0.49812275	0.07090469	31.086	2.629	0.960	0.020	0.029	0.009
132	0.49749044	0.06953009	31.206	2.532	0.963	0.018	0.029	0.009
133	0.49817727	0.06723862	31.188	2.708	0.959	0.021	0.029	0.009
134	0.49721581	0.06844424	31.143	2.652	0.960	0.020	0.029	0.009
135	0.49854027	0.06631989	31.155	2.562	0.960	0.019	0.029	0.009
136	0.49780630	0.06657644	31.115	2.639	0.958	0.020	0.029	0.009
137	0.49813858	0.06794514	31.303	2.645	0.962	0.018	0.029	0.009
138	0.49907437	0.06937905	30.966	2.609	0.956	0.020	0.030	0.009
139	0.49829355	0.06856985	31.045	2.672	0.957	0.021	0.029	0.009
140	0.49765831	0.06926777	31.242	2.653	0.961	0.019	0.029	0.009
141	0.49766364	0.06709633	31.091	2.678	0.958	0.020	0.029	0.009
142	0.49774169	0.06773944	31.191	2.742	0.960	0.020	0.029	0.009
143	0.49884497	0.06875004	31.135	2.757	0.959	0.020	0.029	0.009
144	0.49800173	0.06824706	31.117	2.709	0.960	0.020	0.029	0.009
145	0.49858892	0.06835460	31.208	2.726	0.959	0.020	0.029	0.009
146	0.49851491	0.06616645	31.157	2.757	0.957	0.021	0.029	0.009
147	0.49860204	0.06993364	31.106	2.786	0.959	0.021	0.029	0.009
148	0.49798668	0.06804658	31.090	2.758	0.958	0.021	0.029	0.009
149	0.49792076	0.06753858	31.287	2.685	0.961	0.019	0.029	0.009
150	0.49820056	0.06826707	30.797	2.655	0.955	0.022	0.030	0.009
