Epoch	TrainLoss	ValidLoss	PSNR	PSNR_std	SSIM	SSIM_std	NRMSE	NRMSE_std
1	0.00915939	0.12294480	35.169	2.364	0.955	0.026	0.018	0.005
2	0.00631378	0.11964951	35.348	2.537	0.955	0.027	0.018	0.006
3	0.00564562	0.12034689	35.238	2.567	0.954	0.027	0.018	0.006
4	0.00528242	0.12088071	35.146	2.623	0.952	0.029	0.018	0.006
5	0.00505408	0.12119683	35.098	2.589	0.952	0.028	0.018	0.006
6	0.00490898	0.12269622	35.130	2.602	0.952	0.028	0.018	0.006
7	0.00480960	0.12086702	35.033	2.627	0.951	0.029	0.019	0.006
8	0.00473316	0.12028639	35.083	2.606	0.951	0.028	0.018	0.006
9	0.00467468	0.11953122	35.123	2.628	0.952	0.029	0.018	0.006
10	0.00462903	0.12173274	35.143	2.626	0.952	0.028	0.018	0.006
11	0.00460143	0.12125692	35.085	2.628	0.951	0.029	0.018	0.006
12	0.00456940	0.12091223	35.103	2.635	0.951	0.029	0.018	0.006
13	0.00454698	0.12118691	35.062	2.661	0.951	0.029	0.019	0.006
14	0.00452364	0.12184975	35.043	2.638	0.951	0.029	0.019	0.006
15	0.00450456	0.12129676	35.123	2.656	0.951	0.029	0.018	0.006
16	0.00448945	0.12081984	35.062	2.664	0.951	0.029	0.019	0.006
17	0.00447200	0.12298410	35.047	2.617	0.951	0.029	0.019	0.006
18	0.00445719	0.12121379	35.075	2.660	0.951	0.029	0.019	0.006
19	0.00444163	0.12169905	35.018	2.628	0.950	0.029	0.019	0.006
20	0.00442992	0.12155375	35.073	2.663	0.951	0.029	0.019	0.006
21	0.00441937	0.12163799	34.969	2.620	0.950	0.029	0.019	0.006
22	0.00440798	0.12157183	35.033	2.640	0.950	0.029	0.019	0.006
23	0.00439680	0.12126472	35.031	2.641	0.950	0.029	0.019	0.006
24	0.00438431	0.12035894	35.017	2.672	0.950	0.030	0.019	0.006
25	0.00437844	0.12195946	35.028	2.662	0.950	0.029	0.019	0.006
26	0.00436916	0.12061400	35.071	2.672	0.951	0.029	0.019	0.006
27	0.00436040	0.12185128	35.044	2.618	0.951	0.029	0.019	0.006
28	0.00435461	0.12210017	35.059	2.623	0.951	0.029	0.019	0.006
29	0.00434317	0.12085407	35.009	2.650	0.950	0.029	0.019	0.006
30	0.00433722	0.12154732	35.024	2.668	0.950	0.029	0.019	0.006
31	0.00432978	0.12100113	35.077	2.651	0.951	0.029	0.018	0.006
32	0.00432593	0.12252967	35.058	2.643	0.951	0.029	0.019	0.006
33	0.00431748	0.12062968	35.050	2.656	0.951	0.029	0.019	0.006
34	0.00430930	0.12077856	35.035	2.653	0.950	0.029	0.019	0.006
35	0.00430384	0.12163256	35.087	2.641	0.951	0.029	0.018	0.006
36	0.00429836	0.12088923	35.079	2.651	0.951	0.029	0.018	0.006
37	0.00429170	0.12147900	35.018	2.641	0.950	0.029	0.019	0.006
38	0.00428689	0.12204431	35.035	2.634	0.950	0.029	0.019	0.006
39	0.00428141	0.12166678	35.052	2.630	0.951	0.029	0.019	0.006
40	0.00427817	0.12200256	35.086	2.650	0.951	0.029	0.018	0.006
41	0.00427163	0.12160803	34.990	2.650	0.950	0.029	0.019	0.006
42	0.00426806	0.12131115	35.029	2.645	0.950	0.029	0.019	0.006
43	0.00426069	0.12177740	35.009	2.663	0.950	0.029	0.019	0.006
44	0.00425722	0.12072072	35.007	2.646	0.950	0.029	0.019	0.006
45	0.00425074	0.12167845	35.054	2.646	0.951	0.029	0.019	0.006
46	0.00424813	0.12084414	35.078	2.660	0.951	0.029	0.019	0.006
47	0.00424386	0.12091215	35.076	2.653	0.951	0.029	0.018	0.006
48	0.00423838	0.12087847	35.069	2.659	0.951	0.029	0.019	0.006
49	0.00423881	0.12156332	35.017	2.654	0.950	0.029	0.019	0.006
50	0.00423170	0.12091868	35.067	2.667	0.951	0.029	0.019	0.006
51	0.00422944	0.12113930	35.030	2.651	0.950	0.029	0.019	0.006
52	0.00422494	0.12102269	35.071	2.661	0.951	0.029	0.019	0.006
53	0.00422225	0.12195519	35.036	2.652	0.950	0.029	0.019	0.006
54	0.00421873	0.12158160	35.041	2.648	0.951	0.029	0.019	0.006
55	0.00421460	0.12104157	35.041	2.655	0.951	0.029	0.019	0.006
56	0.00421125	0.12117897	35.005	2.656	0.950	0.029	0.019	0.006
57	0.00420828	0.12173313	35.033	2.652	0.950	0.029	0.019	0.006
58	0.00420492	0.12237050	35.037	2.647	0.950	0.029	0.019	0.006
59	0.00420247	0.12181620	35.003	2.644	0.950	0.029	0.019	0.006
60	0.00420019	0.12128794	35.041	2.652	0.950	0.029	0.019	0.006
61	0.00419739	0.12088537	35.029	2.660	0.950	0.029	0.019	0.006
62	0.00419666	0.12131188	34.986	2.651	0.950	0.029	0.019	0.006
63	0.00419149	0.12139675	35.037	2.647	0.950	0.029	0.019	0.006
64	0.00418860	0.12136699	35.017	2.644	0.950	0.029	0.019	0.006
65	0.00418850	0.12159809	35.038	2.641	0.951	0.029	0.019	0.006
66	0.00418413	0.12109690	35.028	2.638	0.950	0.029	0.019	0.006
67	0.00418162	0.12079185	35.023	2.639	0.950	0.029	0.019	0.006
68	0.00418077	0.12174241	35.030	2.648	0.950	0.029	0.019	0.006
69	0.00417894	0.12126428	35.032	2.643	0.950	0.029	0.019	0.006
70	0.00417796	0.12080151	35.033	2.655	0.950	0.029	0.019	0.006
71	0.00417554	0.12167833	35.030	2.648	0.950	0.029	0.019	0.006
72	0.00417146	0.12124197	35.036	2.638	0.951	0.029	0.019	0.006
73	0.00417068	0.12091627	35.045	2.639	0.951	0.029	0.019	0.006
74	0.00416840	0.12105304	35.025	2.642	0.950	0.029	0.019	0.006
75	0.00416612	0.12163160	35.045	2.646	0.951	0.029	0.019	0.006
76	0.00416132	0.12158041	35.023	2.645	0.950	0.029	0.019	0.006
77	0.00416283	0.12210266	35.057	2.642	0.951	0.029	0.019	0.006
78	0.00416272	0.12116452	35.029	2.644	0.950	0.029	0.019	0.006
79	0.00415961	0.12130380	35.036	2.638	0.951	0.029	0.019	0.006
80	0.00415585	0.12128870	35.038	2.638	0.951	0.029	0.019	0.006
81	0.00415707	0.12148980	35.048	2.645	0.951	0.029	0.019	0.006
82	0.00415638	0.12123957	35.020	2.639	0.950	0.029	0.019	0.006
83	0.00415314	0.12121213	35.037	2.645	0.951	0.029	0.019	0.006
84	0.00415379	0.12113521	35.042	2.645	0.951	0.029	0.019	0.006
85	0.00415068	0.12150126	35.006	2.632	0.950	0.029	0.019	0.006
86	0.00414884	0.12076318	35.028	2.645	0.950	0.029	0.019	0.006
87	0.00414922	0.12145550	35.032	2.644	0.951	0.029	0.019	0.006
88	0.00414829	0.12114152	35.028	2.642	0.950	0.029	0.019	0.006
89	0.00414464	0.12167156	35.026	2.639	0.950	0.029	0.019	0.006
90	0.00414564	0.12136710	35.019	2.643	0.950	0.029	0.019	0.006
91	0.00414481	0.12146803	35.019	2.636	0.950	0.029	0.019	0.006
92	0.00414377	0.12132779	35.028	2.633	0.951	0.029	0.019	0.006
93	0.00414132	0.12117098	35.020	2.620	0.951	0.029	0.019	0.006
94	0.00414148	0.12122574	35.025	2.643	0.950	0.029	0.019	0.006
95	0.00414077	0.12116590	35.006	2.644	0.950	0.029	0.019	0.006
96	0.00413823	0.12064153	35.014	2.635	0.950	0.029	0.019	0.006
97	0.00413889	0.12125632	35.020	2.637	0.950	0.029	0.019	0.006
98	0.00413876	0.12117590	35.016	2.647	0.950	0.029	0.019	0.006
99	0.00413722	0.12136306	35.015	2.641	0.950	0.029	0.019	0.006
100	0.00413441	0.12134126	35.039	2.635	0.951	0.029	0.019	0.006
101	0.00413294	0.12112593	35.027	2.632	0.951	0.029	0.019	0.006
102	0.00413213	0.12093066	35.002	2.639	0.950	0.029	0.019	0.006
103	0.00413320	0.12108047	35.043	2.640	0.951	0.029	0.019	0.006
104	0.00413272	0.12096847	35.007	2.632	0.950	0.029	0.019	0.006
105	0.00413097	0.12093890	35.018	2.631	0.950	0.029	0.019	0.006
106	0.00413156	0.12078357	35.038	2.637	0.951	0.029	0.019	0.006
107	0.00412972	0.12108701	35.045	2.638	0.951	0.029	0.019	0.006
108	0.00412861	0.12124891	35.022	2.637	0.950	0.029	0.019	0.006
109	0.00412776	0.12161512	35.019	2.644	0.950	0.029	0.019	0.006
110	0.00412730	0.12129021	35.015	2.637	0.950	0.029	0.019	0.006
111	0.00412456	0.12115744	35.036	2.636	0.951	0.029	0.019	0.006
112	0.00412570	0.12138493	35.016	2.631	0.950	0.029	0.019	0.006
113	0.00412506	0.12135492	35.032	2.637	0.951	0.029	0.019	0.006
114	0.00412627	0.12157799	35.011	2.636	0.950	0.029	0.019	0.006
115	0.00412616	0.12146200	35.021	2.636	0.950	0.029	0.019	0.006
116	0.00412563	0.12108713	35.014	2.635	0.950	0.029	0.019	0.006
117	0.00412465	0.12114497	35.022	2.638	0.950	0.029	0.019	0.006
118	0.00412377	0.12153030	35.008	2.638	0.950	0.029	0.019	0.006
119	0.00412316	0.12146115	35.026	2.637	0.950	0.029	0.019	0.006
120	0.00412251	0.12114290	35.004	2.640	0.950	0.029	0.019	0.006
121	0.00412131	0.12162679	35.026	2.631	0.951	0.029	0.019	0.006
122	0.00412097	0.12142870	35.009	2.632	0.950	0.029	0.019	0.006
123	0.00412183	0.12165437	35.024	2.638	0.950	0.029	0.019	0.006
124	0.00411967	0.12134805	35.007	2.631	0.950	0.029	0.019	0.006
125	0.00412106	0.12135962	35.012	2.633	0.950	0.029	0.019	0.006
126	0.00412130	0.12112694	35.026	2.634	0.950	0.029	0.019	0.006
127	0.00411939	0.12150533	35.019	2.637	0.950	0.029	0.019	0.006
128	0.00411744	0.12123273	35.028	2.634	0.951	0.029	0.019	0.006
129	0.00412039	0.12138811	35.009	2.633	0.950	0.029	0.019	0.006
130	0.00411951	0.12141582	35.017	2.634	0.950	0.029	0.019	0.006
131	0.00411783	0.12103593	35.025	2.642	0.950	0.029	0.019	0.006
132	0.00411742	0.12107365	35.025	2.637	0.950	0.029	0.019	0.006
133	0.00411373	0.12120795	35.033	2.641	0.951	0.029	0.019	0.006
134	0.00411595	0.12156874	35.021	2.631	0.950	0.029	0.019	0.006
135	0.00411632	0.12189630	35.024	2.629	0.951	0.029	0.019	0.006
136	0.00411681	0.12160187	35.024	2.634	0.950	0.029	0.019	0.006
137	0.00411471	0.12148063	35.028	2.633	0.950	0.029	0.019	0.006
138	0.00411617	0.12145814	35.017	2.643	0.950	0.029	0.019	0.006
139	0.00411513	0.12139030	35.019	2.637	0.950	0.029	0.019	0.006
140	0.00411293	0.12129269	35.016	2.638	0.950	0.029	0.019	0.006
141	0.00411419	0.12127538	35.018	2.635	0.950	0.029	0.019	0.006
142	0.00411346	0.12093713	35.016	2.636	0.950	0.029	0.019	0.006
143	0.00411471	0.12159382	35.022	2.629	0.950	0.029	0.019	0.006
144	0.00411420	0.12138075	35.020	2.635	0.950	0.029	0.019	0.006
145	0.00411252	0.12127095	35.023	2.633	0.950	0.029	0.019	0.006
146	0.00411412	0.12140093	35.017	2.630	0.950	0.029	0.019	0.006
147	0.00411319	0.12141042	35.014	2.636	0.950	0.029	0.019	0.006
148	0.00411146	0.12143763	35.018	2.635	0.950	0.029	0.019	0.006
149	0.00411201	0.12134896	35.014	2.633	0.950	0.029	0.019	0.006
150	0.00411070	0.12132288	35.019	2.635	0.950	0.029	0.019	0.006
