Epoch	TrainLoss	ValidLoss	PSNR	PSNR_std	SSIM	SSIM_std	NRMSE	NRMSE_std
1	0.06708372	0.71744750	24.303	1.533	0.647	0.057	0.062	0.011
2	0.06640957	0.75369421	23.224	1.768	0.600	0.086	0.070	0.014
3	0.06631753	0.73749061	23.574	1.628	0.614	0.075	0.067	0.012
4	0.06626837	0.74152912	23.616	1.600	0.616	0.074	0.067	0.012
5	0.06627321	0.75925478	23.622	1.639	0.617	0.075	0.067	0.012
6	0.06624970	0.73536087	23.425	1.707	0.604	0.081	0.069	0.013
7	0.06625449	0.74949866	23.276	1.775	0.601	0.085	0.070	0.013
8	0.06623228	0.74103854	23.399	1.760	0.604	0.082	0.069	0.013
9	0.06620777	0.74103949	23.649	1.635	0.616	0.073	0.067	0.012
10	0.06620439	0.72309930	23.846	1.531	0.626	0.067	0.065	0.011
11	0.06617421	0.75582437	23.454	1.690	0.609	0.079	0.068	0.013
12	0.06617091	0.75085391	23.455	1.697	0.609	0.079	0.068	0.013
13	0.06614890	0.72933431	23.723	1.605	0.619	0.071	0.066	0.012
14	0.06617366	0.73766365	23.632	1.634	0.614	0.074	0.067	0.012
15	0.06616026	0.72818484	23.732	1.571	0.622	0.070	0.066	0.011
16	0.06615125	0.75148334	23.370	1.764	0.606	0.082	0.069	0.013
17	0.06613195	0.74282309	23.460	1.677	0.610	0.079	0.068	0.012
18	0.06612243	0.72193908	23.809	1.591	0.623	0.069	0.066	0.011
19	0.06612622	0.71960098	23.638	1.633	0.617	0.074	0.067	0.012
20	0.06612425	0.72584213	23.897	1.516	0.629	0.066	0.065	0.011
21	0.06611041	0.74518220	23.508	1.679	0.611	0.078	0.068	0.012
22	0.06611203	0.74206647	23.394	1.696	0.607	0.081	0.069	0.013
23	0.06610040	0.73504623	23.663	1.613	0.617	0.073	0.067	0.012
24	0.06610035	0.75415026	23.320	1.746	0.604	0.083	0.070	0.013
25	0.06610512	0.73036249	23.730	1.593	0.620	0.071	0.066	0.012
26	0.06610749	0.72305197	23.696	1.608	0.618	0.072	0.066	0.012
27	0.06610508	0.73677684	23.676	1.619	0.618	0.073	0.067	0.012
28	0.06609411	0.74778514	23.325	1.754	0.604	0.083	0.070	0.013
29	0.06606542	0.74638295	23.532	1.672	0.612	0.077	0.068	0.012
30	0.06608795	0.76613044	23.473	1.708	0.609	0.079	0.068	0.013
31	0.06607001	0.74341461	23.457	1.680	0.610	0.078	0.068	0.013
32	0.06606749	0.73652398	23.572	1.665	0.613	0.076	0.067	0.012
33	0.06606854	0.72535427	23.691	1.619	0.618	0.073	0.066	0.012
34	0.06605677	0.73837605	23.538	1.649	0.612	0.076	0.068	0.012
35	0.06606238	0.73405603	23.690	1.643	0.618	0.073	0.067	0.012
36	0.06606138	0.74538254	23.437	1.695	0.608	0.080	0.069	0.013
37	0.06606217	0.73944782	23.592	1.656	0.614	0.075	0.067	0.012
38	0.06605405	0.73230850	23.637	1.648	0.616	0.074	0.067	0.012
39	0.06606780	0.74739838	23.553	1.671	0.613	0.076	0.068	0.012
40	0.06604062	0.73933665	23.534	1.666	0.612	0.077	0.068	0.012
41	0.06605647	0.73348242	23.626	1.632	0.616	0.074	0.067	0.012
42	0.06605309	0.73926594	23.496	1.675	0.611	0.078	0.068	0.012
43	0.06607147	0.73955033	23.689	1.628	0.618	0.073	0.067	0.012
44	0.06602295	0.75265348	23.417	1.714	0.607	0.080	0.069	0.013
45	0.06604585	0.74481624	23.658	1.625	0.617	0.074	0.067	0.012
46	0.06605451	0.73807233	23.634	1.643	0.615	0.074	0.067	0.012
47	0.06602862	0.74709726	23.521	1.660	0.612	0.076	0.068	0.012
48	0.06604302	0.74370177	23.471	1.711	0.609	0.079	0.068	0.013
49	0.06602779	0.73810096	23.659	1.632	0.617	0.073	0.067	0.012
50	0.06603975	0.73368593	23.651	1.621	0.617	0.073	0.067	0.012
51	0.06603502	0.74759128	23.568	1.667	0.613	0.076	0.067	0.012
52	0.06602094	0.73814655	23.419	1.744	0.607	0.081	0.069	0.013
53	0.06601483	0.73376185	23.619	1.628	0.616	0.074	0.067	0.012
54	0.06602228	0.73397719	23.566	1.671	0.612	0.077	0.068	0.012
55	0.06602211	0.73177087	23.575	1.646	0.614	0.075	0.067	0.012
56	0.06600965	0.74361596	23.655	1.604	0.616	0.073	0.067	0.012
57	0.06600469	0.74178575	23.678	1.621	0.617	0.073	0.067	0.012
58	0.06602304	0.73436210	23.578	1.636	0.613	0.075	0.067	0.012
59	0.06600800	0.74526481	23.686	1.626	0.618	0.073	0.067	0.012
60	0.06602463	0.74106449	23.484	1.708	0.609	0.079	0.068	0.013
61	0.06599328	0.73847282	23.615	1.639	0.615	0.074	0.067	0.012
62	0.06598902	0.74256994	23.535	1.675	0.611	0.077	0.068	0.012
63	0.06598471	0.73904191	23.482	1.691	0.609	0.078	0.068	0.013
64	0.06598735	0.73951022	23.597	1.659	0.615	0.075	0.067	0.012
65	0.06598985	0.73838630	23.535	1.673	0.612	0.077	0.068	0.012
66	0.06597152	0.74098384	23.625	1.642	0.615	0.074	0.067	0.012
67	0.06596567	0.74213827	23.605	1.656	0.615	0.075	0.067	0.012
68	0.06594708	0.73652641	23.506	1.664	0.611	0.077	0.068	0.012
69	0.06592033	0.74251483	23.462	1.688	0.609	0.078	0.068	0.013
70	0.06590383	0.74231850	23.535	1.686	0.612	0.076	0.068	0.013
71	0.06590457	0.75049080	23.446	1.713	0.609	0.079	0.069	0.013
72	0.06587961	0.74599549	23.464	1.715	0.610	0.078	0.068	0.013
73	0.06584576	0.73795020	23.555	1.667	0.614	0.075	0.068	0.012
74	0.06588316	0.73367693	23.587	1.665	0.615	0.075	0.067	0.012
75	0.06587281	0.75591876	23.472	1.717	0.609	0.079	0.068	0.013
76	0.06587187	0.74258840	23.332	1.766	0.604	0.083	0.070	0.013
77	0.06584416	0.73592445	23.533	1.699	0.612	0.077	0.068	0.013
78	0.06586166	0.73806189	23.442	1.735	0.608	0.080	0.069	0.013
79	0.06585597	0.73644364	23.394	1.746	0.606	0.081	0.069	0.013
80	0.06585304	0.72845165	23.434	1.719	0.609	0.079	0.069	0.013
81	0.06586327	0.73069795	23.471	1.711	0.610	0.078	0.068	0.013
82	0.06585330	0.74120080	23.511	1.702	0.612	0.077	0.068	0.013
83	0.06584678	0.74284243	23.455	1.719	0.610	0.079	0.068	0.013
84	0.06584170	0.74490952	23.526	1.693	0.613	0.076	0.068	0.013
85	0.06583932	0.74653225	23.531	1.701	0.612	0.077	0.068	0.013
86	0.06583320	0.73813064	23.401	1.766	0.607	0.081	0.069	0.013
87	0.06583612	0.74267815	23.386	1.750	0.606	0.081	0.069	0.013
88	0.06585120	0.74179516	23.470	1.706	0.611	0.078	0.068	0.013
89	0.06581676	0.73382508	23.539	1.692	0.613	0.076	0.068	0.013
90	0.06584841	0.73412585	23.542	1.689	0.613	0.076	0.068	0.013
91	0.06582756	0.73709568	23.501	1.692	0.612	0.077	0.068	0.013
92	0.06583470	0.74251906	23.448	1.713	0.610	0.079	0.069	0.013
93	0.06582311	0.73894129	23.452	1.729	0.609	0.079	0.068	0.013
94	0.06583345	0.74337664	23.456	1.731	0.609	0.079	0.068	0.013
95	0.06580543	0.73706340	23.423	1.728	0.609	0.079	0.069	0.013
96	0.06582027	0.74541251	23.502	1.706	0.611	0.077	0.068	0.013
97	0.06583708	0.74427694	23.354	1.762	0.606	0.082	0.069	0.013
98	0.06581144	0.73494199	23.522	1.687	0.613	0.076	0.068	0.013
99	0.06582158	0.73915291	23.463	1.713	0.610	0.078	0.068	0.013
100	0.06581378	0.74162862	23.476	1.705	0.611	0.078	0.068	0.013
101	0.06582639	0.74003654	23.521	1.703	0.612	0.077	0.068	0.013
102	0.06581494	0.73768931	23.493	1.700	0.611	0.077	0.068	0.013
103	0.06581108	0.74227991	23.433	1.729	0.609	0.079	0.069	0.013
104	0.06581395	0.74516286	23.487	1.701	0.612	0.077	0.068	0.013
105	0.06583108	0.73583718	23.529	1.702	0.613	0.076	0.068	0.013
106	0.06580948	0.74005319	23.472	1.710	0.611	0.078	0.068	0.013
107	0.06582169	0.74096540	23.445	1.720	0.610	0.079	0.069	0.013
108	0.06583834	0.74198423	23.434	1.733	0.609	0.079	0.069	0.013
109	0.06581384	0.74094266	23.497	1.708	0.611	0.077	0.068	0.013
110	0.06581235	0.73709704	23.450	1.713	0.610	0.078	0.068	0.013
111	0.06580326	0.73530710	23.474	1.723	0.610	0.078	0.068	0.013
112	0.06581668	0.74305914	23.525	1.683	0.613	0.076	0.068	0.012
113	0.06580206	0.74634697	23.437	1.736	0.609	0.079	0.069	0.013
114	0.06580132	0.74196089	23.537	1.697	0.613	0.076	0.068	0.013
115	0.06580144	0.74298413	23.517	1.700	0.612	0.077	0.068	0.013
116	0.06581018	0.74318598	23.526	1.699	0.613	0.076	0.068	0.013
117	0.06583563	0.74339578	23.482	1.713	0.611	0.077	0.068	0.013
118	0.06581915	0.74540299	23.461	1.718	0.610	0.078	0.068	0.013
119	0.06582615	0.74530682	23.454	1.714	0.610	0.078	0.068	0.013
120	0.06583881	0.73870766	23.479	1.708	0.611	0.077	0.068	0.013
121	0.06582790	0.74103478	23.495	1.714	0.611	0.077	0.068	0.013
122	0.06580107	0.73750922	23.471	1.717	0.611	0.078	0.068	0.013
123	0.06579668	0.73631678	23.487	1.715	0.611	0.077	0.068	0.013
124	0.06579666	0.74228710	23.436	1.736	0.609	0.079	0.069	0.013
125	0.06580962	0.74430798	23.504	1.696	0.612	0.077	0.068	0.013
126	0.06582347	0.74188908	23.509	1.700	0.612	0.077	0.068	0.013
127	0.06581783	0.74164326	23.446	1.725	0.609	0.079	0.069	0.013
128	0.06579771	0.74317702	23.448	1.712	0.610	0.078	0.069	0.013
129	0.06581307	0.73679726	23.485	1.700	0.612	0.077	0.068	0.013
130	0.06582609	0.74021385	23.490	1.714	0.611	0.078	0.068	0.013
131	0.06580409	0.74145491	23.492	1.707	0.612	0.077	0.068	0.013
132	0.06580820	0.74306658	23.485	1.704	0.611	0.077	0.068	0.013
133	0.06582486	0.74278370	23.466	1.716	0.611	0.078	0.068	0.013
134	0.06581597	0.73632132	23.496	1.706	0.612	0.077	0.068	0.013
135	0.06581698	0.74528100	23.465	1.720	0.610	0.078	0.068	0.013
136	0.06580946	0.73944671	23.469	1.719	0.610	0.078	0.068	0.013
137	0.06580105	0.74103295	23.455	1.718	0.610	0.078	0.068	0.013
138	0.06581703	0.74009883	23.465	1.711	0.611	0.078	0.068	0.013
139	0.06582073	0.74123032	23.474	1.712	0.610	0.078	0.068	0.013
140	0.06579997	0.74476336	23.499	1.701	0.611	0.077	0.068	0.013
141	0.06579031	0.73899226	23.495	1.710	0.611	0.077	0.068	0.013
142	0.06581320	0.74657753	23.417	1.736	0.608	0.080	0.069	0.013
143	0.06582092	0.74435252	23.448	1.724	0.610	0.079	0.069	0.013
144	0.06581069	0.74323914	23.461	1.716	0.610	0.078	0.068	0.013
145	0.06582956	0.74263079	23.422	1.728	0.609	0.079	0.069	0.013
146	0.06580472	0.74244959	23.460	1.726	0.610	0.078	0.068	0.013
147	0.06581365	0.74265971	23.469	1.711	0.611	0.078	0.068	0.013
148	0.06582098	0.73941644	23.470	1.722	0.610	0.078	0.068	0.013
149	0.06580485	0.74122809	23.464	1.720	0.610	0.078	0.068	0.013
150	0.06578341	0.74220455	23.455	1.718	0.610	0.078	0.068	0.013
