Epoch	TrainLoss	ValidLoss	PSNR	PSNR_std	SSIM	SSIM_std	NRMSE	NRMSE_std
1	0.54462786	0.16456549	27.770	1.592	0.849	0.033	0.042	0.007
2	0.49715042	0.10899583	30.935	1.682	0.938	0.012	0.029	0.006
3	0.49051770	0.07545465	32.095	1.933	0.961	0.009	0.025	0.006
4	0.48973964	0.07999162	31.686	1.596	0.942	0.010	0.027	0.005
5	0.48697569	0.06612488	32.483	1.943	0.975	0.008	0.024	0.006
6	0.49586960	0.08751933	32.253	2.195	0.951	0.013	0.025	0.007
7	0.48566569	0.08061097	32.537	1.982	0.972	0.007	0.024	0.006
8	0.48596367	0.06262974	33.156	2.253	0.977	0.009	0.023	0.007
9	0.48508794	0.08125992	33.312	2.428	0.973	0.009	0.023	0.007
10	0.48546838	0.06932052	33.362	2.309	0.966	0.011	0.022	0.007
11	0.48522807	0.07054174	33.608	2.343	0.979	0.009	0.022	0.007
12	0.48534028	0.06624270	33.592	2.419	0.976	0.009	0.022	0.007
13	0.48662683	0.07323082	33.325	2.236	0.964	0.009	0.022	0.007
14	0.48531883	0.05974592	33.410	2.214	0.976	0.008	0.022	0.006
15	0.48534215	0.06036793	33.173	2.271	0.979	0.009	0.023	0.007
16	0.48454143	0.06524738	33.028	2.239	0.975	0.009	0.023	0.007
17	0.48511602	0.06213709	32.962	2.193	0.980	0.009	0.023	0.007
18	0.48477830	0.05463196	33.862	2.425	0.981	0.008	0.021	0.007
19	0.48430538	0.06255723	34.175	2.656	0.982	0.008	0.021	0.007
20	0.48353457	0.08937852	32.640	2.306	0.977	0.011	0.024	0.007
21	0.48365403	0.05966957	34.189	2.630	0.982	0.009	0.021	0.007
22	0.48379628	0.06344931	34.254	2.538	0.983	0.009	0.020	0.007
23	0.48355428	0.06628850	34.311	2.557	0.981	0.008	0.020	0.007
24	0.48300945	0.07795243	34.154	2.430	0.982	0.008	0.020	0.007
25	0.48603953	0.04960112	34.124	2.544	0.981	0.009	0.021	0.007
26	0.48468867	0.05578210	34.182	2.544	0.979	0.009	0.020	0.007
27	0.48199210	0.06279482	33.855	2.536	0.983	0.009	0.021	0.007
28	0.48286504	0.05450173	33.452	2.306	0.981	0.008	0.022	0.007
29	0.48396750	0.05186607	34.027	2.554	0.984	0.009	0.021	0.007
30	0.48481458	0.12113896	33.875	2.493	0.966	0.011	0.021	0.007
31	0.48697496	0.05807922	34.355	2.615	0.983	0.009	0.020	0.007
32	0.48320381	0.05890051	33.536	2.359	0.982	0.008	0.022	0.007
33	0.48334168	0.05340725	34.307	2.653	0.985	0.009	0.020	0.007
34	0.48329182	0.04918662	34.473	2.732	0.986	0.009	0.020	0.007
35	0.48340340	0.05273151	33.512	2.442	0.983	0.008	0.022	0.007
36	0.48382421	0.05260231	33.917	2.556	0.984	0.009	0.021	0.007
37	0.48211988	0.06419205	33.579	2.310	0.982	0.008	0.022	0.007
38	0.48319347	0.05872172	34.202	2.547	0.983	0.008	0.020	0.007
39	0.48305196	0.05625765	34.041	2.669	0.983	0.009	0.021	0.007
40	0.48297145	0.06267623	33.718	2.546	0.982	0.008	0.022	0.007
41	0.48319735	0.06142569	32.961	2.266	0.981	0.008	0.023	0.007
42	0.48192798	0.05579647	34.829	2.826	0.986	0.009	0.019	0.007
43	0.48342121	0.04980186	34.325	2.727	0.985	0.009	0.020	0.008
44	0.48255139	0.04985596	33.915	2.701	0.984	0.009	0.021	0.008
45	0.48179106	0.05153705	33.547	2.568	0.982	0.009	0.022	0.007
46	0.48318166	0.05884239	33.933	2.550	0.984	0.008	0.021	0.007
47	0.48183903	0.04899727	34.084	2.545	0.985	0.008	0.021	0.007
48	0.48279631	0.05126965	34.259	2.671	0.986	0.009	0.020	0.007
49	0.48255544	0.05831870	34.162	2.575	0.985	0.008	0.021	0.007
50	0.48308181	0.05310120	34.362	2.773	0.985	0.009	0.020	0.007
51	0.48277278	0.05563047	34.272	2.732	0.985	0.009	0.020	0.008
52	0.48238547	0.07084702	34.237	2.555	0.985	0.008	0.020	0.007
53	0.48331053	0.05242703	34.027	2.646	0.985	0.008	0.021	0.007
54	0.48262519	0.05484033	33.687	2.579	0.984	0.009	0.022	0.007
55	0.48219713	0.05016913	34.324	2.715	0.986	0.009	0.020	0.007
56	0.48131914	0.04747452	34.668	2.790	0.986	0.008	0.020	0.007
57	0.48192021	0.04880272	34.425	2.706	0.986	0.009	0.020	0.007
58	0.48242006	0.05248642	33.966	2.565	0.984	0.008	0.021	0.007
59	0.48155198	0.05103800	33.934	2.552	0.983	0.008	0.021	0.007
60	0.48294143	0.05098439	34.330	2.670	0.985	0.008	0.020	0.007
61	0.48247053	0.05438912	33.878	2.606	0.984	0.009	0.021	0.007
62	0.48213423	0.05430146	33.994	2.533	0.984	0.008	0.021	0.007
63	0.48181515	0.05499871	33.686	2.445	0.983	0.008	0.022	0.007
64	0.48273335	0.05225991	34.192	2.656	0.985	0.008	0.021	0.007
65	0.48260507	0.04968270	34.410	2.783	0.986	0.008	0.020	0.008
66	0.48244684	0.04690056	34.035	2.745	0.986	0.009	0.021	0.008
67	0.48238600	0.05329934	33.715	2.458	0.985	0.008	0.022	0.007
68	0.48234442	0.05460522	33.974	2.606	0.984	0.008	0.021	0.007
69	0.48104643	0.04545751	34.475	2.731	0.986	0.008	0.020	0.007
70	0.48249728	0.04947326	34.425	2.704	0.986	0.008	0.020	0.007
71	0.48222587	0.04936793	34.264	2.677	0.986	0.009	0.020	0.008
72	0.48080002	0.05009758	34.073	2.698	0.986	0.009	0.021	0.008
73	0.48205545	0.04519348	34.234	2.716	0.986	0.009	0.021	0.008
74	0.48097404	0.05071650	34.102	2.650	0.985	0.009	0.021	0.008
75	0.48233783	0.05077246	33.562	2.596	0.984	0.009	0.022	0.008
76	0.48194180	0.05454116	33.712	2.554	0.984	0.009	0.022	0.008
77	0.48205472	0.04842883	34.417	2.780	0.986	0.009	0.020	0.008
78	0.48268143	0.05024450	34.564	2.907	0.986	0.009	0.020	0.008
79	0.48179921	0.04937715	34.158	2.666	0.986	0.009	0.021	0.008
80	0.48157070	0.04998405	33.990	2.569	0.985	0.009	0.021	0.007
81	0.48184275	0.05097875	34.162	2.716	0.986	0.009	0.021	0.008
82	0.48150257	0.04569838	34.087	2.672	0.986	0.009	0.021	0.008
83	0.48149744	0.05198139	33.353	2.411	0.983	0.009	0.022	0.007
84	0.48131876	0.04697955	34.015	2.617	0.985	0.009	0.021	0.008
85	0.48258026	0.05263852	33.623	2.448	0.984	0.008	0.022	0.007
86	0.48091975	0.04610838	34.340	2.757	0.986	0.009	0.020	0.008
87	0.48207835	0.04841862	34.145	2.700	0.986	0.009	0.021	0.008
88	0.48089118	0.04838223	33.971	2.562	0.985	0.008	0.021	0.007
89	0.48231331	0.05287566	33.903	2.547	0.985	0.008	0.021	0.007
90	0.48212950	0.05032138	34.451	2.771	0.986	0.009	0.020	0.008
91	0.48070234	0.04576502	34.650	2.931	0.987	0.009	0.020	0.008
92	0.48194490	0.04740985	33.785	2.580	0.985	0.009	0.021	0.008
93	0.48156231	0.04986501	34.118	2.707	0.986	0.009	0.021	0.008
94	0.48106022	0.04968082	33.943	2.657	0.985	0.009	0.021	0.008
95	0.48211639	0.04870862	34.011	2.670	0.985	0.009	0.021	0.008
96	0.48205479	0.04670572	34.389	2.855	0.986	0.009	0.020	0.008
97	0.48244343	0.05241460	33.535	2.480	0.984	0.008	0.022	0.007
98	0.48222620	0.04945659	33.681	2.513	0.984	0.009	0.022	0.007
99	0.48192887	0.05104358	33.899	2.656	0.985	0.009	0.021	0.008
100	0.48184237	0.04755120	34.151	2.680	0.985	0.009	0.021	0.008
101	0.48127844	0.04947808	33.704	2.510	0.984	0.008	0.022	0.007
102	0.48210817	0.04966877	33.949	2.616	0.985	0.009	0.021	0.008
103	0.48249667	0.04779935	34.314	2.891	0.986	0.009	0.020	0.008
104	0.48158743	0.04647474	33.827	2.629	0.985	0.009	0.021	0.008
105	0.48198315	0.05252224	34.099	2.794	0.985	0.009	0.021	0.008
106	0.48124977	0.04942223	33.840	2.670	0.985	0.009	0.021	0.008
107	0.48203339	0.04958235	34.015	2.724	0.985	0.009	0.021	0.008
108	0.48223979	0.04943242	33.865	2.640	0.985	0.009	0.021	0.008
109	0.48214016	0.04946525	34.043	2.715	0.985	0.009	0.021	0.008
110	0.48230084	0.05308885	33.362	2.475	0.984	0.009	0.022	0.008
111	0.48238034	0.04887859	33.983	2.656	0.985	0.009	0.021	0.008
112	0.48162533	0.04705517	34.171	2.726	0.985	0.009	0.021	0.008
113	0.48151618	0.04926882	34.193	2.733	0.986	0.009	0.021	0.008
114	0.48216970	0.04882903	33.930	2.636	0.985	0.009	0.021	0.008
115	0.48231466	0.04998481	34.269	2.843	0.986	0.009	0.021	0.008
116	0.48211525	0.04981928	34.174	2.738	0.986	0.009	0.021	0.008
117	0.48234831	0.05075587	34.123	2.722	0.985	0.009	0.021	0.008
118	0.48206783	0.04773272	34.082	2.726	0.985	0.009	0.021	0.008
119	0.48188076	0.05098911	33.948	2.654	0.985	0.009	0.021	0.008
120	0.48148741	0.04935301	33.878	2.630	0.985	0.009	0.021	0.008
121	0.48177399	0.04761594	34.219	2.751	0.986	0.009	0.021	0.008
122	0.48172308	0.05029758	34.230	2.774	0.986	0.009	0.021	0.008
123	0.48162531	0.05035884	33.918	2.692	0.985	0.009	0.021	0.008
124	0.48185649	0.04911636	34.026	2.735	0.985	0.009	0.021	0.008
125	0.48196623	0.04803852	33.970	2.675	0.985	0.009	0.021	0.008
126	0.48004950	0.05031808	34.028	2.725	0.985	0.009	0.021	0.008
127	0.48181735	0.04874418	34.103	2.763	0.985	0.009	0.021	0.008
128	0.48024514	0.05048868	33.884	2.675	0.985	0.009	0.021	0.008
129	0.48177358	0.04986388	33.821	2.651	0.985	0.009	0.021	0.008
130	0.48148191	0.04694758	34.105	2.797	0.985	0.009	0.021	0.008
131	0.48217497	0.04810903	33.933	2.680	0.985	0.009	0.021	0.008
132	0.48057269	0.04987286	33.791	2.640	0.985	0.009	0.022	0.008
133	0.48130437	0.04850783	33.843	2.633	0.985	0.009	0.021	0.008
134	0.48126020	0.04772707	34.110	2.730	0.985	0.009	0.021	0.008
135	0.48143873	0.05032280	33.859	2.618	0.985	0.009	0.021	0.008
136	0.48166266	0.04855562	34.230	2.852	0.986	0.009	0.021	0.008
137	0.48194047	0.04857834	33.901	2.679	0.985	0.009	0.021	0.008
138	0.48056571	0.05051223	34.010	2.729	0.985	0.009	0.021	0.008
139	0.48173416	0.04988444	34.043	2.751	0.985	0.009	0.021	0.008
140	0.48164510	0.04820693	33.988	2.724	0.985	0.009	0.021	0.008
141	0.48186156	0.04948013	33.922	2.655	0.985	0.009	0.021	0.008
142	0.48077473	0.04950207	33.856	2.605	0.985	0.009	0.021	0.008
143	0.48150193	0.04998872	33.625	2.553	0.984	0.009	0.022	0.008
144	0.48194274	0.05158901	33.645	2.578	0.984	0.009	0.022	0.008
145	0.48201981	0.04902562	34.009	2.719	0.985	0.009	0.021	0.008
146	0.48030200	0.04865867	33.955	2.680	0.985	0.009	0.021	0.008
147	0.48178601	0.04871734	34.097	2.800	0.985	0.009	0.021	0.008
148	0.48138771	0.04905150	34.004	2.731	0.985	0.009	0.021	0.008
149	0.48073471	0.04886649	33.914	2.673	0.985	0.009	0.021	0.008
150	0.48100921	0.05055850	33.897	2.677	0.985	0.009	0.021	0.008
