Epoch	TrainLoss	ValidLoss	PSNR	PSNR_std	SSIM	SSIM_std	NRMSE	NRMSE_std
1	0.39167339	0.20813107	24.353	1.631	0.825	0.034	0.062	0.011
2	0.16982381	0.11689582	28.855	1.596	0.921	0.014	0.037	0.007
3	0.11885766	0.09894552	30.321	1.644	0.957	0.010	0.031	0.006
4	0.10812761	0.07396385	31.384	1.846	0.966	0.009	0.028	0.006
5	0.08577509	0.06647994	31.440	2.013	0.965	0.009	0.028	0.006
6	0.08065290	0.06153444	32.201	2.017	0.974	0.008	0.025	0.006
7	0.09109331	0.07114455	32.739	1.949	0.972	0.008	0.024	0.006
8	0.08777580	0.05812864	32.335	1.955	0.971	0.008	0.025	0.006
9	0.08837794	0.06090067	31.876	1.752	0.963	0.007	0.026	0.006
10	0.08686590	0.05689438	32.720	1.800	0.962	0.007	0.024	0.005
11	0.07522893	0.05421224	33.398	2.122	0.977	0.007	0.022	0.006
12	0.07540614	0.05356477	31.987	1.905	0.978	0.008	0.026	0.006
13	0.06841694	0.05122993	33.475	2.122	0.981	0.007	0.022	0.006
14	0.07117700	0.06103232	32.488	1.992	0.956	0.010	0.024	0.006
15	0.06530554	0.06636216	33.778	2.354	0.981	0.007	0.021	0.007
16	0.07216196	0.05061750	33.430	2.328	0.981	0.007	0.022	0.007
17	0.06349202	0.05166368	33.490	2.279	0.978	0.006	0.022	0.006
18	0.06813131	0.04826458	33.765	2.253	0.976	0.006	0.021	0.006
19	0.06617458	0.04778232	33.235	2.244	0.974	0.006	0.023	0.007
20	0.06415704	0.04750512	33.502	2.445	0.983	0.007	0.022	0.007
21	0.07134185	0.04868068	33.355	2.172	0.977	0.006	0.022	0.006
22	0.06967521	0.05637232	33.249	2.466	0.985	0.008	0.023	0.007
23	0.07148673	0.04510886	33.937	2.439	0.984	0.007	0.021	0.007
24	0.05968425	0.04580391	33.449	2.432	0.979	0.006	0.022	0.007
25	0.05692790	0.05108575	33.683	2.466	0.978	0.006	0.022	0.007
26	0.07559544	0.05689971	33.384	2.263	0.986	0.008	0.022	0.007
27	0.06530798	0.04279132	33.970	2.368	0.977	0.006	0.021	0.006
28	0.05950914	0.04242081	33.957	2.310	0.977	0.006	0.021	0.006
29	0.05439053	0.04357693	34.091	2.621	0.982	0.007	0.021	0.007
30	0.06087740	0.04398942	34.037	2.697	0.986	0.008	0.021	0.007
31	0.06729669	0.04904528	33.422	2.503	0.975	0.007	0.022	0.007
32	0.05603542	0.04639879	33.908	2.603	0.979	0.007	0.021	0.007
33	0.06841741	0.04594967	34.045	2.544	0.986	0.007	0.021	0.007
34	0.06013414	0.04576677	33.757	2.635	0.976	0.007	0.022	0.007
35	0.06980969	0.04562037	33.065	2.612	0.979	0.008	0.023	0.008
36	0.06231608	0.04504929	34.160	2.722	0.984	0.007	0.021	0.007
37	0.06615786	0.04318249	34.103	2.663	0.986	0.007	0.021	0.007
38	0.06509977	0.04356821	33.414	2.625	0.981	0.008	0.022	0.007
39	0.06783816	0.04694052	34.281	2.804	0.987	0.008	0.020	0.007
40	0.06068386	0.04246820	34.326	2.740	0.985	0.007	0.020	0.007
41	0.06207921	0.04105359	34.358	2.715	0.987	0.007	0.020	0.007
42	0.04882877	0.04100878	34.377	2.841	0.986	0.007	0.020	0.008
43	0.06152734	0.04124455	33.833	2.536	0.986	0.007	0.021	0.007
44	0.06134320	0.04390101	33.827	2.880	0.985	0.009	0.022	0.008
45	0.05231641	0.04062917	34.384	2.779	0.986	0.007	0.020	0.007
46	0.06849201	0.04406047	33.891	2.549	0.981	0.007	0.021	0.007
47	0.06028395	0.04076736	34.156	2.730	0.983	0.007	0.021	0.007
48	0.05660750	0.04019590	34.408	2.885	0.985	0.007	0.020	0.008
49	0.06492530	0.04046905	34.219	2.741	0.986	0.007	0.021	0.007
50	0.06764006	0.04493189	34.314	2.864	0.987	0.008	0.020	0.008
51	0.06013041	0.04306149	34.080	2.914	0.986	0.008	0.021	0.008
52	0.06477094	0.04211350	34.454	2.752	0.988	0.008	0.020	0.007
53	0.05731962	0.04046869	34.564	2.877	0.988	0.008	0.020	0.008
54	0.05563090	0.03998905	34.194	2.713	0.986	0.007	0.021	0.007
55	0.05884087	0.04075890	34.306	2.945	0.984	0.008	0.020	0.008
56	0.04881074	0.03846976	34.559	2.979	0.986	0.007	0.020	0.008
57	0.05787827	0.04003173	34.180	2.878	0.984	0.008	0.021	0.008
58	0.05597092	0.03816443	34.277	2.977	0.985	0.008	0.021	0.008
59	0.03874735	0.03792349	34.353	2.989	0.986	0.008	0.020	0.008
60	0.05951775	0.03860113	34.301	3.009	0.984	0.008	0.021	0.008
61	0.05533161	0.03933523	34.305	2.927	0.985	0.008	0.020	0.008
62	0.05261066	0.03836407	34.406	2.938	0.986	0.008	0.020	0.008
63	0.05185326	0.03902277	34.673	2.982	0.987	0.008	0.020	0.008
64	0.06835501	0.04054243	34.398	2.931	0.986	0.008	0.020	0.008
65	0.05255994	0.03976774	34.194	3.097	0.984	0.009	0.021	0.008
66	0.06514492	0.04211751	34.079	2.825	0.984	0.008	0.021	0.008
67	0.04835732	0.03947786	34.425	2.939	0.983	0.007	0.020	0.008
68	0.05121786	0.03866933	34.555	3.047	0.986	0.008	0.020	0.008
69	0.05992848	0.03909400	34.516	3.022	0.988	0.008	0.020	0.008
70	0.06903079	0.04014459	34.228	2.912	0.985	0.008	0.021	0.008
71	0.05189936	0.03941361	34.472	3.106	0.987	0.008	0.020	0.008
72	0.05947841	0.04079139	34.600	3.116	0.987	0.008	0.020	0.008
73	0.05255223	0.04055128	34.683	3.054	0.988	0.008	0.020	0.008
74	0.04621090	0.03903622	34.608	3.206	0.986	0.008	0.020	0.008
75	0.04913743	0.03995260	34.398	3.097	0.985	0.008	0.020	0.008
76	0.05524233	0.03982695	34.472	3.009	0.986	0.008	0.020	0.008
77	0.04915273	0.03743734	34.654	3.145	0.987	0.008	0.020	0.008
78	0.04903003	0.03854988	34.604	3.163	0.985	0.008	0.020	0.008
79	0.05145127	0.03930932	34.667	3.176	0.987	0.008	0.020	0.008
80	0.05418596	0.03911011	34.679	3.217	0.987	0.009	0.020	0.008
81	0.05496246	0.03794409	34.596	3.206	0.986	0.009	0.020	0.008
82	0.05181582	0.04116653	34.444	3.086	0.984	0.008	0.020	0.008
83	0.04528546	0.03717104	34.715	3.187	0.987	0.008	0.020	0.008
84	0.05972477	0.03868983	34.532	3.186	0.986	0.009	0.020	0.008
85	0.04525295	0.03881939	34.518	3.184	0.985	0.008	0.020	0.008
86	0.04480747	0.03799252	34.556	3.192	0.985	0.008	0.020	0.008
87	0.05137706	0.03837787	34.620	3.220	0.986	0.009	0.020	0.008
88	0.04347740	0.03839496	34.543	3.116	0.985	0.008	0.020	0.008
89	0.04211354	0.03893710	34.648	3.295	0.986	0.009	0.020	0.009
90	0.03869279	0.03840538	34.626	3.203	0.986	0.008	0.020	0.008
91	0.05503764	0.03935519	34.737	3.292	0.987	0.009	0.020	0.009
92	0.05006862	0.03842757	34.505	3.180	0.985	0.008	0.020	0.008
93	0.05593559	0.03904243	34.533	3.285	0.987	0.009	0.020	0.009
94	0.04729095	0.03851570	34.503	3.165	0.986	0.008	0.020	0.008
95	0.05501211	0.03882815	34.615	3.295	0.987	0.009	0.020	0.009
96	0.04995147	0.03837053	34.652	3.238	0.987	0.009	0.020	0.008
97	0.05584153	0.03914817	34.516	3.173	0.987	0.009	0.020	0.008
98	0.05523883	0.03807566	34.600	3.365	0.986	0.009	0.020	0.009
99	0.04178418	0.03920486	34.193	3.174	0.985	0.009	0.021	0.009
100	0.04899713	0.03826721	34.580	3.206	0.986	0.009	0.020	0.008
101	0.05918867	0.03815185	34.541	3.236	0.986	0.009	0.020	0.009
102	0.05497292	0.03860707	34.518	3.243	0.986	0.009	0.020	0.009
103	0.06292088	0.03867698	34.480	3.174	0.986	0.009	0.020	0.008
104	0.05542474	0.03819013	34.466	3.225	0.985	0.009	0.020	0.009
105	0.04208181	0.03801735	34.564	3.306	0.986	0.009	0.020	0.009
106	0.05566189	0.03821463	34.628	3.266	0.987	0.009	0.020	0.009
107	0.04889777	0.03847266	34.574	3.273	0.986	0.009	0.020	0.009
108	0.04861987	0.03908795	34.482	3.299	0.987	0.009	0.020	0.009
109	0.05605564	0.03870006	34.516	3.313	0.987	0.009	0.020	0.009
110	0.04574779	0.03792525	34.592	3.288	0.986	0.009	0.020	0.009
111	0.05176017	0.03793588	34.568	3.290	0.986	0.009	0.020	0.009
112	0.04032310	0.03781218	34.622	3.274	0.986	0.009	0.020	0.009
113	0.04927480	0.03860755	34.567	3.316	0.986	0.009	0.020	0.009
114	0.06084428	0.03874191	34.586	3.299	0.987	0.009	0.020	0.009
115	0.04351082	0.03771242	34.554	3.296	0.986	0.009	0.020	0.009
116	0.04875699	0.03819299	34.619	3.315	0.986	0.009	0.020	0.009
117	0.05487146	0.03766108	34.624	3.341	0.986	0.009	0.020	0.009
118	0.04062473	0.03791012	34.551	3.251	0.985	0.009	0.020	0.009
119	0.04918569	0.03811157	34.565	3.232	0.986	0.009	0.020	0.008
120	0.05213788	0.03832966	34.600	3.322	0.986	0.009	0.020	0.009
121	0.06175237	0.03807251	34.609	3.329	0.987	0.009	0.020	0.009
122	0.05579418	0.03786698	34.537	3.308	0.986	0.009	0.020	0.009
123	0.04812428	0.03863464	34.539	3.311	0.986	0.009	0.020	0.009
124	0.05134544	0.03817339	34.562	3.303	0.985	0.009	0.020	0.009
125	0.04422855	0.03768511	34.600	3.327	0.986	0.009	0.020	0.009
126	0.04778230	0.03803516	34.545	3.306	0.986	0.009	0.020	0.009
127	0.04896601	0.03792778	34.647	3.359	0.987	0.009	0.020	0.009
128	0.05579280	0.03850785	34.623	3.326	0.987	0.009	0.020	0.009
129	0.04505203	0.03792077	34.659	3.387	0.986	0.009	0.020	0.009
130	0.04964240	0.03787353	34.606	3.387	0.987	0.009	0.020	0.009
131	0.04522467	0.03787601	34.605	3.353	0.986	0.009	0.020	0.009
132	0.04904657	0.03814705	34.600	3.329	0.986	0.009	0.020	0.009
133	0.04785364	0.03776903	34.577	3.339	0.986	0.009	0.020	0.009
134	0.04760568	0.03770789	34.529	3.383	0.986	0.009	0.020	0.009
135	0.05077034	0.03809720	34.475	3.359	0.986	0.010	0.020	0.009
136	0.05514736	0.03800610	34.535	3.375	0.986	0.010	0.020	0.009
137	0.05140541	0.03788510	34.574	3.383	0.986	0.009	0.020	0.009
138	0.04985602	0.03794241	34.641	3.395	0.987	0.009	0.020	0.009
139	0.05556858	0.03837492	34.559	3.392	0.986	0.010	0.020	0.009
140	0.05505157	0.03809353	34.554	3.378	0.986	0.010	0.020	0.009
141	0.04820990	0.03786593	34.533	3.367	0.986	0.009	0.020	0.009
142	0.05394099	0.03781523	34.519	3.344	0.986	0.009	0.020	0.009
143	0.06043118	0.03786826	34.648	3.373	0.986	0.009	0.020	0.009
144	0.05201632	0.03823446	34.555	3.360	0.986	0.009	0.020	0.009
145	0.05168923	0.03799336	34.564	3.384	0.986	0.009	0.020	0.009
146	0.05042257	0.03856079	34.485	3.343	0.985	0.009	0.020	0.009
147	0.05784215	0.03856105	34.607	3.403	0.987	0.010	0.020	0.009
148	0.04435876	0.03814724	34.568	3.335	0.986	0.009	0.020	0.009
149	0.04802550	0.03805237	34.553	3.340	0.986	0.009	0.020	0.009
150	0.04936034	0.03769722	34.575	3.307	0.986	0.009	0.020	0.009
