Epoch	TrainLoss	ValidLoss	PSNR	PSNR_std	SSIM	SSIM_std	NRMSE	NRMSE_std
1	0.00898066	0.10856330	32.223	1.787	0.922	0.029	0.025	0.005
2	0.00615095	0.11003830	32.226	1.837	0.920	0.029	0.025	0.005
3	0.00547103	0.11110331	32.099	1.892	0.918	0.031	0.025	0.006
4	0.00511270	0.11103634	32.072	1.905	0.917	0.031	0.026	0.006
5	0.00488093	0.11178975	31.992	1.892	0.916	0.031	0.026	0.006
6	0.00473266	0.11110763	32.065	1.892	0.917	0.030	0.026	0.006
7	0.00463861	0.11111291	31.992	1.896	0.916	0.031	0.026	0.006
8	0.00456916	0.11115947	31.989	1.901	0.915	0.031	0.026	0.006
9	0.00451856	0.11177610	32.024	1.905	0.916	0.031	0.026	0.006
10	0.00447823	0.11128498	31.900	1.903	0.914	0.031	0.026	0.006
11	0.00444493	0.11139276	31.927	1.911	0.914	0.031	0.026	0.006
12	0.00441866	0.11107051	32.047	1.883	0.917	0.030	0.026	0.005
13	0.00439421	0.11100124	31.938	1.904	0.915	0.031	0.026	0.006
14	0.00437810	0.11129589	31.922	1.906	0.914	0.031	0.026	0.006
15	0.00435861	0.11151853	31.994	1.887	0.916	0.031	0.026	0.006
16	0.00434141	0.11191041	31.960	1.905	0.915	0.031	0.026	0.006
17	0.00432422	0.11165903	32.005	1.889	0.916	0.031	0.026	0.006
18	0.00430855	0.11139020	31.931	1.907	0.914	0.031	0.026	0.006
19	0.00429339	0.11111968	32.019	1.898	0.916	0.031	0.026	0.006
20	0.00427908	0.11229205	31.879	1.912	0.913	0.032	0.026	0.006
21	0.00426680	0.11099478	31.962	1.900	0.915	0.031	0.026	0.006
22	0.00425306	0.11169753	31.972	1.890	0.915	0.031	0.026	0.006
23	0.00424441	0.11143164	31.928	1.898	0.914	0.031	0.026	0.006
24	0.00423131	0.11158933	31.938	1.889	0.915	0.031	0.026	0.006
25	0.00422274	0.11194406	31.941	1.894	0.915	0.031	0.026	0.006
26	0.00421444	0.11116413	31.979	1.878	0.915	0.030	0.026	0.006
27	0.00420594	0.11198185	31.922	1.904	0.914	0.031	0.026	0.006
28	0.00419488	0.11135551	31.909	1.903	0.914	0.031	0.026	0.006
29	0.00419123	0.11178413	31.973	1.894	0.915	0.031	0.026	0.006
30	0.00418351	0.11173638	31.936	1.897	0.915	0.031	0.026	0.006
31	0.00417636	0.11153628	31.911	1.893	0.914	0.031	0.026	0.006
32	0.00416817	0.11159353	31.965	1.895	0.915	0.031	0.026	0.006
33	0.00416210	0.11167387	31.912	1.895	0.914	0.031	0.026	0.006
34	0.00415533	0.11161198	31.974	1.899	0.915	0.031	0.026	0.006
35	0.00415050	0.11197122	31.950	1.884	0.915	0.031	0.026	0.006
36	0.00414518	0.11175668	31.934	1.891	0.915	0.031	0.026	0.006
37	0.00413725	0.11230804	31.935	1.896	0.914	0.031	0.026	0.006
38	0.00413231	0.11240469	31.921	1.896	0.914	0.031	0.026	0.006
39	0.00412800	0.11176264	31.897	1.909	0.914	0.031	0.026	0.006
40	0.00412316	0.11163346	31.948	1.902	0.915	0.031	0.026	0.006
41	0.00411753	0.11165095	31.978	1.899	0.915	0.031	0.026	0.006
42	0.00411300	0.11248574	31.913	1.901	0.914	0.031	0.026	0.006
43	0.00410609	0.11183031	31.955	1.903	0.915	0.031	0.026	0.006
44	0.00410102	0.11141511	31.927	1.903	0.914	0.031	0.026	0.006
45	0.00409687	0.11217607	31.928	1.890	0.914	0.031	0.026	0.006
46	0.00409163	0.11125788	31.935	1.894	0.915	0.031	0.026	0.006
47	0.00408702	0.11175152	31.945	1.910	0.915	0.031	0.026	0.006
48	0.00408381	0.11188822	31.913	1.897	0.914	0.031	0.026	0.006
49	0.00407921	0.11205794	31.935	1.890	0.915	0.031	0.026	0.006
50	0.00407483	0.11163456	31.915	1.898	0.914	0.031	0.026	0.006
51	0.00407112	0.11109058	31.932	1.893	0.915	0.031	0.026	0.006
52	0.00406865	0.11152543	31.971	1.894	0.915	0.031	0.026	0.006
53	0.00406501	0.11187986	31.893	1.900	0.914	0.031	0.026	0.006
54	0.00406102	0.11154175	31.959	1.892	0.915	0.031	0.026	0.006
55	0.00405642	0.11173999	31.937	1.906	0.915	0.031	0.026	0.006
56	0.00405513	0.11176666	31.921	1.900	0.914	0.031	0.026	0.006
57	0.00405273	0.11205884	31.927	1.893	0.914	0.031	0.026	0.006
58	0.00404871	0.11176834	31.906	1.905	0.914	0.031	0.026	0.006
59	0.00404726	0.11223798	31.903	1.903	0.914	0.031	0.026	0.006
60	0.00404577	0.11164035	31.933	1.898	0.914	0.031	0.026	0.006
61	0.00403941	0.11205060	31.910	1.900	0.914	0.031	0.026	0.006
62	0.00403915	0.11259104	31.909	1.896	0.914	0.031	0.026	0.006
63	0.00403424	0.11216688	31.917	1.901	0.914	0.031	0.026	0.006
64	0.00403208	0.11186421	31.970	1.899	0.915	0.031	0.026	0.006
65	0.00402803	0.11150562	31.942	1.898	0.915	0.031	0.026	0.006
66	0.00402825	0.11209553	31.918	1.896	0.914	0.031	0.026	0.006
67	0.00402440	0.11215491	31.920	1.899	0.914	0.031	0.026	0.006
68	0.00402278	0.11199632	31.927	1.899	0.914	0.031	0.026	0.006
69	0.00401908	0.11201284	31.925	1.898	0.914	0.031	0.026	0.006
70	0.00401815	0.11168746	31.920	1.901	0.914	0.031	0.026	0.006
71	0.00401538	0.11191289	31.908	1.898	0.914	0.031	0.026	0.006
72	0.00401543	0.11243431	31.892	1.904	0.914	0.032	0.026	0.006
73	0.00401197	0.11205480	31.903	1.901	0.914	0.031	0.026	0.006
74	0.00401001	0.11200251	31.946	1.897	0.915	0.031	0.026	0.006
75	0.00400836	0.11232059	31.916	1.902	0.914	0.031	0.026	0.006
76	0.00400854	0.11231282	31.922	1.899	0.914	0.031	0.026	0.006
77	0.00400691	0.11237202	31.906	1.904	0.914	0.031	0.026	0.006
78	0.00400340	0.11172450	31.939	1.897	0.915	0.031	0.026	0.006
79	0.00400271	0.11237263	31.926	1.893	0.914	0.031	0.026	0.006
80	0.00400189	0.11218198	31.934	1.896	0.915	0.031	0.026	0.006
81	0.00400167	0.11182580	31.919	1.901	0.914	0.031	0.026	0.006
82	0.00399897	0.11200190	31.927	1.897	0.914	0.031	0.026	0.006
83	0.00399720	0.11222125	31.929	1.896	0.914	0.031	0.026	0.006
84	0.00399682	0.11233173	31.899	1.898	0.914	0.031	0.026	0.006
85	0.00399467	0.11201457	31.915	1.905	0.914	0.031	0.026	0.006
86	0.00399440	0.11201236	31.935	1.898	0.915	0.031	0.026	0.006
87	0.00399026	0.11218691	31.904	1.898	0.914	0.031	0.026	0.006
88	0.00399086	0.11227136	31.903	1.903	0.914	0.031	0.026	0.006
89	0.00399140	0.11201580	31.925	1.898	0.914	0.031	0.026	0.006
90	0.00398793	0.11182148	31.924	1.895	0.914	0.031	0.026	0.006
91	0.00398796	0.11193812	31.917	1.906	0.914	0.031	0.026	0.006
92	0.00398757	0.11225776	31.893	1.900	0.914	0.031	0.026	0.006
93	0.00398645	0.11214341	31.926	1.900	0.914	0.031	0.026	0.006
94	0.00398524	0.11197346	31.911	1.898	0.914	0.031	0.026	0.006
95	0.00398340	0.11205341	31.926	1.899	0.914	0.031	0.026	0.006
96	0.00398290	0.11199809	31.924	1.897	0.914	0.031	0.026	0.006
97	0.00397989	0.11173937	31.928	1.897	0.914	0.031	0.026	0.006
98	0.00397879	0.11223731	31.927	1.899	0.914	0.031	0.026	0.006
99	0.00397906	0.11231103	31.918	1.891	0.914	0.031	0.026	0.006
100	0.00398030	0.11204752	31.920	1.900	0.914	0.031	0.026	0.006
101	0.00397773	0.11202815	31.917	1.899	0.914	0.031	0.026	0.006
102	0.00397853	0.11203249	31.914	1.901	0.914	0.031	0.026	0.006
103	0.00397652	0.11201375	31.927	1.900	0.914	0.031	0.026	0.006
104	0.00397674	0.11170283	31.927	1.897	0.914	0.031	0.026	0.006
105	0.00397401	0.11176732	31.928	1.898	0.914	0.031	0.026	0.006
106	0.00397635	0.11197884	31.925	1.895	0.914	0.031	0.026	0.006
107	0.00397425	0.11175428	31.926	1.900	0.914	0.031	0.026	0.006
108	0.00397342	0.11226392	31.915	1.896	0.914	0.031	0.026	0.006
109	0.00397260	0.11209701	31.911	1.896	0.914	0.031	0.026	0.006
110	0.00396947	0.11203708	31.915	1.903	0.914	0.031	0.026	0.006
111	0.00397212	0.11210927	31.892	1.898	0.914	0.031	0.026	0.006
112	0.00397007	0.11186652	31.929	1.898	0.914	0.031	0.026	0.006
113	0.00396838	0.11205526	31.921	1.898	0.914	0.031	0.026	0.006
114	0.00397055	0.11213860	31.916	1.900	0.914	0.031	0.026	0.006
115	0.00396974	0.11229801	31.899	1.900	0.914	0.031	0.026	0.006
116	0.00396804	0.11216747	31.902	1.897	0.914	0.031	0.026	0.006
117	0.00396892	0.11193126	31.920	1.900	0.914	0.031	0.026	0.006
118	0.00396815	0.11195122	31.912	1.900	0.914	0.031	0.026	0.006
119	0.00396899	0.11227123	31.905	1.897	0.914	0.031	0.026	0.006
120	0.00396758	0.11219303	31.908	1.897	0.914	0.031	0.026	0.006
121	0.00396548	0.11195676	31.921	1.898	0.914	0.031	0.026	0.006
122	0.00396695	0.11214811	31.914	1.897	0.914	0.031	0.026	0.006
123	0.00396581	0.11223650	31.902	1.897	0.914	0.031	0.026	0.006
124	0.00396412	0.11213847	31.901	1.896	0.914	0.031	0.026	0.006
125	0.00396420	0.11204542	31.903	1.897	0.914	0.031	0.026	0.006
126	0.00396594	0.11215767	31.915	1.901	0.914	0.031	0.026	0.006
127	0.00396371	0.11207540	31.911	1.895	0.914	0.031	0.026	0.006
128	0.00396257	0.11220870	31.914	1.897	0.914	0.031	0.026	0.006
129	0.00396162	0.11214079	31.914	1.900	0.914	0.031	0.026	0.006
130	0.00396506	0.11220250	31.897	1.900	0.914	0.031	0.026	0.006
131	0.00396194	0.11208023	31.921	1.901	0.914	0.031	0.026	0.006
132	0.00396430	0.11229781	31.910	1.896	0.914	0.031	0.026	0.006
133	0.00396083	0.11198447	31.918	1.898	0.914	0.031	0.026	0.006
134	0.00396075	0.11213999	31.900	1.900	0.914	0.031	0.026	0.006
135	0.00396121	0.11222873	31.903	1.900	0.914	0.031	0.026	0.006
136	0.00396089	0.11219822	31.915	1.896	0.914	0.031	0.026	0.006
137	0.00396264	0.11223423	31.909	1.896	0.914	0.031	0.026	0.006
138	0.00395866	0.11210415	31.913	1.900	0.914	0.031	0.026	0.006
139	0.00395934	0.11197464	31.913	1.900	0.914	0.031	0.026	0.006
140	0.00395907	0.11223730	31.902	1.899	0.914	0.031	0.026	0.006
141	0.00395901	0.11214351	31.906	1.902	0.914	0.031	0.026	0.006
142	0.00396101	0.11238697	31.909	1.895	0.914	0.031	0.026	0.006
143	0.00395924	0.11213802	31.904	1.902	0.914	0.031	0.026	0.006
144	0.00396015	0.11233264	31.909	1.895	0.914	0.031	0.026	0.006
145	0.00395822	0.11209180	31.910	1.900	0.914	0.031	0.026	0.006
146	0.00395877	0.11222530	31.909	1.902	0.914	0.031	0.026	0.006
147	0.00395985	0.11198516	31.919	1.899	0.914	0.031	0.026	0.006
148	0.00395462	0.11215594	31.911	1.898	0.914	0.031	0.026	0.006
149	0.00395679	0.11210158	31.897	1.899	0.914	0.031	0.026	0.006
150	0.00396042	0.11219683	31.913	1.897	0.914	0.031	0.026	0.006
