Epoch	TrainLoss	ValidLoss	PSNR	PSNR_std	SSIM	SSIM_std	NRMSE	NRMSE_std
1	0.64073675	0.26772242	21.732	1.671	0.762	0.034	0.083	0.014
2	0.56604740	0.19891074	25.055	1.627	0.834	0.030	0.057	0.010
3	0.55935310	0.24366327	25.523	1.891	0.850	0.032	0.054	0.010
4	0.55544436	0.20787467	25.987	1.233	0.856	0.017	0.051	0.007
5	0.55118721	0.16926490	27.496	1.773	0.883	0.026	0.043	0.008
6	0.54749334	0.16417077	27.624	1.895	0.891	0.022	0.043	0.009
7	0.54771580	0.15378650	28.292	1.986	0.915	0.020	0.039	0.009
8	0.54703069	0.20291678	27.162	1.896	0.918	0.018	0.045	0.009
9	0.54713379	0.18019496	28.628	2.184	0.923	0.015	0.038	0.009
10	0.54215183	0.18227932	27.968	1.995	0.928	0.018	0.041	0.009
11	0.53969954	0.14950304	27.496	1.882	0.928	0.017	0.043	0.009
12	0.53987664	0.13103994	27.105	1.580	0.934	0.013	0.045	0.009
13	0.53651966	0.11465896	27.892	1.591	0.937	0.012	0.041	0.008
14	0.53121995	0.15057752	25.284	1.560	0.923	0.018	0.055	0.009
15	0.53714000	0.15788522	28.285	1.723	0.935	0.019	0.039	0.008
16	0.53658142	0.18133167	26.798	1.651	0.929	0.019	0.047	0.009
17	0.53918153	0.14203900	26.876	1.790	0.923	0.019	0.046	0.009
18	0.53256682	0.11488313	28.042	2.332	0.946	0.019	0.041	0.011
19	0.53248846	0.12003871	26.999	2.539	0.930	0.031	0.047	0.013
20	0.53153560	0.10670938	28.652	2.191	0.943	0.016	0.038	0.010
21	0.53013938	0.13297062	27.058	1.729	0.943	0.016	0.045	0.009
22	0.53195955	0.13140595	25.640	2.951	0.911	0.041	0.055	0.018
23	0.53354163	0.11972710	28.244	2.191	0.944	0.019	0.040	0.011
24	0.53191827	0.12720289	26.750	2.758	0.935	0.032	0.048	0.015
25	0.53092504	0.12348691	27.212	2.446	0.941	0.029	0.045	0.013
26	0.52961189	0.15077406	26.427	2.698	0.928	0.031	0.050	0.015
27	0.52997116	0.11235470	27.079	3.024	0.926	0.035	0.047	0.016
28	0.53082956	0.12161717	26.216	3.034	0.915	0.045	0.052	0.018
29	0.53040041	0.11899282	26.732	2.705	0.928	0.035	0.048	0.015
30	0.52941743	0.10509399	28.032	3.079	0.942	0.032	0.042	0.015
31	0.52819046	0.13909995	25.704	3.317	0.906	0.056	0.056	0.021
32	0.52877281	0.12630658	27.405	1.990	0.942	0.019	0.044	0.010
33	0.53257311	0.13528263	26.023	3.108	0.915	0.044	0.053	0.018
34	0.53013733	0.12378889	26.451	2.916	0.923	0.038	0.050	0.017
35	0.52859424	0.10624060	28.829	2.479	0.949	0.020	0.038	0.011
36	0.52865818	0.13310495	25.972	3.065	0.915	0.043	0.053	0.018
37	0.52985311	0.09894865	28.763	2.791	0.952	0.023	0.038	0.013
38	0.52685134	0.15099249	24.654	3.671	0.885	0.068	0.064	0.025
39	0.52866825	0.11323555	27.379	3.548	0.932	0.042	0.046	0.019
40	0.52733086	0.11948232	27.109	3.186	0.934	0.038	0.047	0.017
41	0.52673564	0.13866780	25.943	3.831	0.904	0.057	0.056	0.024
42	0.53076172	0.10570191	28.584	3.059	0.941	0.028	0.040	0.015
43	0.52811713	0.11445542	27.450	2.636	0.940	0.028	0.044	0.014
44	0.52786392	0.13306331	25.834	3.535	0.911	0.050	0.055	0.021
45	0.52676003	0.12383421	27.011	4.122	0.921	0.059	0.050	0.024
46	0.53026075	0.11995304	26.691	3.132	0.928	0.043	0.049	0.018
47	0.52907405	0.11286260	27.706	3.052	0.943	0.032	0.044	0.016
48	0.52831174	0.12219080	26.198	3.576	0.920	0.049	0.053	0.021
49	0.52576938	0.13352879	26.299	3.601	0.917	0.055	0.053	0.022
50	0.52973376	0.12263343	26.863	3.190	0.932	0.037	0.048	0.017
51	0.52788850	0.11475831	27.476	3.243	0.941	0.036	0.045	0.017
52	0.52625667	0.11552597	27.339	2.708	0.938	0.030	0.045	0.014
53	0.52717426	0.10486930	27.581	2.560	0.945	0.024	0.044	0.013
54	0.52967436	0.11876806	26.408	3.531	0.925	0.044	0.052	0.020
55	0.52823327	0.12464011	26.394	3.952	0.918	0.054	0.053	0.023
56	0.52591456	0.12029513	26.735	3.669	0.925	0.049	0.050	0.021
57	0.52644003	0.11699265	26.791	3.443	0.927	0.043	0.049	0.020
58	0.52822128	0.10805532	27.472	3.463	0.937	0.042	0.046	0.019
59	0.52598893	0.12367614	26.302	3.580	0.923	0.048	0.053	0.021
60	0.52564397	0.11593216	26.661	3.761	0.927	0.047	0.051	0.021
61	0.52448927	0.11840378	27.064	3.509	0.932	0.041	0.048	0.019
62	0.52753244	0.13136709	26.253	3.635	0.919	0.049	0.053	0.021
63	0.52443011	0.12402388	26.622	3.876	0.923	0.051	0.051	0.022
64	0.52718273	0.11845771	27.021	3.579	0.930	0.043	0.048	0.020
65	0.52415027	0.12686556	26.066	3.651	0.921	0.049	0.054	0.021
66	0.52667893	0.11642329	27.202	3.405	0.937	0.037	0.047	0.018
67	0.52654660	0.11676260	26.415	3.855	0.922	0.050	0.052	0.022
68	0.52405305	0.11414637	27.068	3.790	0.930	0.043	0.049	0.020
69	0.52540778	0.11617005	26.632	3.520	0.928	0.042	0.050	0.019
70	0.52557506	0.12088639	26.460	4.041	0.921	0.053	0.053	0.023
71	0.52367006	0.13189580	26.612	3.768	0.926	0.050	0.051	0.021
72	0.52451017	0.11590631	26.545	3.767	0.923	0.051	0.052	0.022
73	0.52548107	0.11796160	26.398	3.714	0.922	0.050	0.052	0.021
74	0.52405720	0.11446335	26.838	3.734	0.927	0.046	0.050	0.021
75	0.52485114	0.12339405	26.115	4.032	0.915	0.056	0.055	0.023
76	0.52258914	0.11667905	26.793	3.872	0.927	0.048	0.050	0.021
77	0.52364898	0.12810222	26.110	3.612	0.918	0.047	0.054	0.021
78	0.52511063	0.11432964	26.887	4.013	0.924	0.048	0.050	0.022
79	0.52554247	0.12349178	26.304	3.893	0.920	0.051	0.053	0.022
80	0.52657678	0.11512273	26.376	4.029	0.920	0.055	0.053	0.023
81	0.52278904	0.12762172	26.534	4.202	0.919	0.059	0.053	0.024
82	0.52439662	0.11109270	27.137	3.454	0.936	0.040	0.048	0.019
83	0.52488814	0.11642225	26.545	3.439	0.929	0.043	0.051	0.019
84	0.52414682	0.12034498	26.253	3.542	0.925	0.046	0.053	0.020
85	0.52631680	0.13090715	25.858	3.976	0.913	0.058	0.056	0.024
86	0.52525380	0.11201125	26.782	3.710	0.929	0.044	0.050	0.020
87	0.52371068	0.12059183	26.621	3.996	0.924	0.051	0.052	0.022
88	0.52230905	0.11731428	26.748	3.944	0.928	0.049	0.051	0.022
89	0.52310175	0.11178297	26.738	3.755	0.928	0.047	0.050	0.021
90	0.52588495	0.12188554	26.183	3.953	0.917	0.056	0.054	0.023
91	0.52167602	0.11987012	26.833	4.097	0.926	0.052	0.051	0.023
92	0.52287195	0.12508693	26.543	3.955	0.924	0.052	0.052	0.022
93	0.52350793	0.12273569	26.235	3.837	0.919	0.052	0.054	0.022
94	0.52415355	0.11692377	26.289	3.635	0.924	0.046	0.053	0.021
95	0.52269155	0.11446513	26.487	4.096	0.921	0.054	0.053	0.023
96	0.52473759	0.11116556	26.909	4.060	0.927	0.049	0.050	0.022
97	0.52506633	0.11779701	26.600	3.982	0.925	0.051	0.052	0.022
98	0.52376748	0.11973482	26.602	4.016	0.924	0.051	0.052	0.022
99	0.52358426	0.11328814	26.764	4.084	0.926	0.051	0.051	0.022
100	0.52359691	0.11454032	26.565	4.101	0.922	0.054	0.052	0.023
101	0.52382832	0.11636836	26.465	4.107	0.922	0.055	0.053	0.023
102	0.52525860	0.11475380	26.734	4.001	0.927	0.050	0.051	0.022
103	0.52186792	0.11831903	26.479	4.021	0.922	0.052	0.053	0.023
104	0.52208430	0.11562548	26.658	4.030	0.925	0.051	0.051	0.022
105	0.52319954	0.11750391	26.403	4.043	0.921	0.054	0.053	0.023
106	0.52378469	0.11698523	26.587	4.119	0.922	0.054	0.052	0.023
107	0.52500625	0.11538298	26.647	4.075	0.923	0.053	0.052	0.023
108	0.52358179	0.11590479	26.569	4.126	0.922	0.055	0.052	0.023
109	0.52264636	0.11699604	26.365	4.147	0.920	0.055	0.053	0.023
110	0.52455210	0.11396982	26.741	4.140	0.925	0.053	0.051	0.023
111	0.52437264	0.11427770	26.741	4.089	0.925	0.052	0.051	0.023
112	0.52088075	0.11582482	26.653	4.083	0.924	0.054	0.052	0.023
113	0.52499497	0.11596693	26.596	4.036	0.923	0.053	0.052	0.023
114	0.52362634	0.11695874	26.562	3.950	0.925	0.051	0.052	0.022
115	0.52217470	0.11869646	26.335	3.936	0.922	0.053	0.053	0.022
116	0.52250823	0.11854133	26.301	4.097	0.918	0.057	0.054	0.024
117	0.52231252	0.11422835	26.770	3.933	0.928	0.050	0.051	0.022
118	0.52558183	0.11352935	26.764	4.046	0.926	0.051	0.051	0.022
119	0.52497576	0.12103855	26.289	4.177	0.917	0.059	0.054	0.024
120	0.52470729	0.11705628	26.454	4.168	0.920	0.057	0.053	0.024
121	0.52542401	0.11290419	26.779	4.030	0.927	0.051	0.051	0.022
122	0.52362454	0.11863070	26.521	3.961	0.924	0.051	0.052	0.022
123	0.52152282	0.11853362	26.461	4.111	0.921	0.055	0.053	0.023
124	0.52251273	0.11658245	26.496	4.164	0.922	0.056	0.053	0.024
125	0.52150957	0.12110820	26.411	4.091	0.920	0.056	0.053	0.023
126	0.52329567	0.11563037	26.635	4.014	0.925	0.051	0.052	0.022
127	0.52167959	0.11734693	26.536	4.107	0.922	0.055	0.052	0.023
128	0.52430052	0.11836207	26.355	4.199	0.918	0.058	0.054	0.024
129	0.52081344	0.11566451	26.624	4.153	0.922	0.055	0.052	0.023
130	0.52295048	0.11478973	26.588	4.071	0.924	0.053	0.052	0.023
131	0.52213125	0.12136530	26.420	4.095	0.921	0.055	0.053	0.023
132	0.52037185	0.11895349	26.358	4.119	0.919	0.057	0.054	0.024
133	0.52329794	0.11731606	26.436	4.124	0.921	0.056	0.053	0.023
134	0.52398234	0.11763750	26.501	4.115	0.922	0.055	0.053	0.023
135	0.52191091	0.11956401	26.371	4.064	0.921	0.054	0.053	0.023
136	0.52227968	0.11979979	26.293	4.138	0.919	0.056	0.054	0.024
137	0.52427821	0.11570429	26.578	4.147	0.923	0.053	0.052	0.023
138	0.52297290	0.11267576	26.692	4.117	0.925	0.051	0.051	0.023
139	0.52267283	0.11603592	26.534	4.064	0.923	0.052	0.052	0.023
140	0.52445285	0.11862301	26.510	4.085	0.922	0.053	0.052	0.023
141	0.52437868	0.11415847	26.453	4.145	0.921	0.055	0.053	0.023
142	0.52189144	0.11963010	26.434	4.155	0.920	0.056	0.053	0.024
143	0.52259869	0.11778113	26.517	4.117	0.922	0.054	0.053	0.023
144	0.52507320	0.11811252	26.401	4.109	0.922	0.054	0.053	0.023
145	0.52079072	0.11635018	26.500	4.113	0.922	0.054	0.053	0.023
146	0.52138261	0.11856217	26.543	4.095	0.922	0.054	0.052	0.023
147	0.52342838	0.11816971	26.465	4.074	0.922	0.054	0.053	0.023
148	0.52036578	0.12023535	26.384	4.045	0.921	0.054	0.053	0.023
149	0.52378475	0.11786191	26.336	4.113	0.919	0.055	0.054	0.023
150	0.51995894	0.11668265	26.512	4.112	0.922	0.054	0.053	0.023
