Epoch	TrainLoss	ValidLoss	PSNR	PSNR_std	SSIM	SSIM_std	NRMSE	NRMSE_std
1	0.72801247	1.03942558	26.224	1.127	0.745	0.025	0.049	0.007
2	0.72581509	1.04931897	26.132	1.117	0.732	0.028	0.050	0.007
3	0.72572338	1.08159471	26.273	1.126	0.739	0.028	0.049	0.006
4	0.72564187	1.03691220	26.231	1.142	0.744	0.026	0.049	0.007
5	0.72550239	1.04604518	26.240	1.123	0.742	0.026	0.049	0.007
6	0.72550957	1.06718162	26.285	1.134	0.748	0.025	0.049	0.007
7	0.72550926	1.07769135	26.184	1.113	0.736	0.027	0.049	0.006
8	0.72545146	1.05809012	26.256	1.128	0.743	0.026	0.049	0.007
9	0.72537611	1.05974463	26.207	1.122	0.738	0.027	0.049	0.007
10	0.72538338	1.06030542	26.112	1.130	0.734	0.027	0.050	0.007
11	0.72525356	1.06511334	26.162	1.124	0.736	0.027	0.050	0.007
12	0.72523773	1.07196972	26.349	1.147	0.750	0.026	0.049	0.007
13	0.72514899	1.06456265	26.376	1.151	0.751	0.026	0.048	0.007
14	0.72513223	1.05007350	26.344	1.147	0.746	0.027	0.049	0.007
15	0.72510313	1.05633432	26.105	1.114	0.732	0.027	0.050	0.007
16	0.72500920	1.06409571	26.348	1.139	0.747	0.026	0.049	0.007
17	0.72496443	1.05752784	26.334	1.123	0.744	0.026	0.049	0.006
18	0.72493254	1.05213138	26.189	1.120	0.738	0.027	0.049	0.007
19	0.72493149	1.06841221	26.382	1.149	0.751	0.026	0.048	0.007
20	0.72491603	1.06392071	26.332	1.141	0.747	0.026	0.049	0.007
21	0.72492789	1.06552199	26.314	1.137	0.746	0.026	0.049	0.007
22	0.72486773	1.07365686	26.193	1.114	0.735	0.027	0.049	0.006
23	0.72488611	1.06857860	26.260	1.126	0.741	0.026	0.049	0.006
24	0.72487460	1.06482771	26.394	1.144	0.750	0.026	0.048	0.007
25	0.72482792	1.07502657	26.396	1.146	0.751	0.026	0.048	0.007
26	0.72480988	1.06999484	26.313	1.129	0.744	0.026	0.049	0.006
27	0.72479908	1.06353292	26.080	1.104	0.728	0.028	0.050	0.006
28	0.72481981	1.05940658	26.294	1.123	0.742	0.027	0.049	0.006
29	0.72478242	1.04988664	26.293	1.122	0.744	0.026	0.049	0.006
30	0.72478337	1.05666313	26.247	1.128	0.741	0.026	0.049	0.007
31	0.72476308	1.06629488	26.374	1.138	0.749	0.026	0.048	0.006
32	0.72473375	1.07053757	26.192	1.119	0.736	0.027	0.049	0.006
33	0.72479689	1.05446437	26.203	1.126	0.740	0.026	0.049	0.007
34	0.72477351	1.06207764	26.333	1.132	0.746	0.026	0.049	0.006
35	0.72474989	1.06230739	26.282	1.133	0.743	0.026	0.049	0.007
36	0.72474239	1.07688674	26.322	1.135	0.745	0.026	0.049	0.007
37	0.72471547	1.07242116	26.344	1.137	0.747	0.026	0.049	0.006
38	0.72467612	1.07109448	26.367	1.124	0.748	0.026	0.048	0.006
39	0.72472725	1.06617200	26.296	1.135	0.744	0.027	0.049	0.007
40	0.72467994	1.06255180	26.137	1.110	0.733	0.027	0.050	0.006
41	0.72470147	1.06089628	26.188	1.115	0.736	0.027	0.049	0.006
42	0.72472287	1.06136677	26.285	1.131	0.744	0.026	0.049	0.007
43	0.72472325	1.06654391	26.295	1.131	0.745	0.026	0.049	0.006
44	0.72462927	1.06302238	26.252	1.122	0.741	0.026	0.049	0.006
45	0.72470291	1.06012830	26.252	1.122	0.740	0.027	0.049	0.006
46	0.72464436	1.06350502	26.179	1.118	0.736	0.027	0.050	0.007
47	0.72461669	1.07456425	26.347	1.134	0.749	0.026	0.049	0.006
48	0.72463714	1.06224212	26.216	1.113	0.737	0.027	0.049	0.006
49	0.72465373	1.07022306	26.317	1.130	0.745	0.026	0.049	0.006
50	0.72465217	1.06880075	26.245	1.115	0.739	0.027	0.049	0.006
51	0.72459358	1.05462193	26.238	1.122	0.739	0.027	0.049	0.006
52	0.72465768	1.05967298	26.307	1.127	0.745	0.026	0.049	0.006
53	0.72459791	1.06687668	26.265	1.119	0.740	0.026	0.049	0.006
54	0.72455967	1.06527001	26.202	1.114	0.736	0.027	0.049	0.006
55	0.72457949	1.06778201	26.215	1.117	0.738	0.026	0.049	0.006
56	0.72457179	1.06280228	26.326	1.127	0.745	0.026	0.049	0.006
57	0.72461497	1.06344703	26.246	1.121	0.740	0.026	0.049	0.006
58	0.72460216	1.07017514	26.334	1.132	0.745	0.026	0.049	0.006
59	0.72465375	1.06821886	26.324	1.129	0.746	0.026	0.049	0.006
60	0.72456812	1.06316668	26.309	1.125	0.744	0.026	0.049	0.006
61	0.72456054	1.06482211	26.319	1.124	0.744	0.026	0.049	0.006
62	0.72461045	1.06669343	26.289	1.123	0.742	0.026	0.049	0.006
63	0.72457428	1.07372934	26.286	1.124	0.742	0.027	0.049	0.006
64	0.72463969	1.06465781	26.318	1.132	0.745	0.026	0.049	0.006
65	0.72456842	1.06300935	26.293	1.126	0.743	0.027	0.049	0.006
66	0.72458514	1.06151646	26.263	1.116	0.741	0.026	0.049	0.006
67	0.72454662	1.06651163	26.265	1.119	0.740	0.027	0.049	0.006
68	0.72457397	1.06452835	26.251	1.123	0.741	0.026	0.049	0.006
69	0.72458822	1.07067186	26.288	1.121	0.742	0.026	0.049	0.006
70	0.72456296	1.06573439	26.269	1.122	0.742	0.026	0.049	0.006
71	0.72453972	1.06838724	26.281	1.124	0.742	0.026	0.049	0.006
72	0.72454406	1.06530559	26.298	1.125	0.744	0.026	0.049	0.006
73	0.72452090	1.06289735	26.320	1.130	0.745	0.026	0.049	0.006
74	0.72453444	1.06466535	26.290	1.125	0.743	0.026	0.049	0.006
75	0.72450120	1.06059882	26.216	1.118	0.738	0.026	0.049	0.006
76	0.72453123	1.06298977	26.299	1.122	0.743	0.026	0.049	0.006
77	0.72460094	1.06638750	26.290	1.124	0.743	0.026	0.049	0.006
78	0.72455097	1.07317153	26.372	1.138	0.749	0.026	0.048	0.006
79	0.72452925	1.06636235	26.250	1.121	0.740	0.027	0.049	0.006
80	0.72452053	1.06644768	26.267	1.122	0.742	0.026	0.049	0.006
81	0.72456010	1.06972349	26.280	1.126	0.742	0.027	0.049	0.006
82	0.72456332	1.06739694	26.337	1.126	0.746	0.026	0.049	0.006
83	0.72457944	1.06942636	26.302	1.131	0.744	0.026	0.049	0.006
84	0.72450669	1.06843755	26.199	1.115	0.737	0.027	0.049	0.006
85	0.72451182	1.06270149	26.277	1.125	0.743	0.026	0.049	0.006
86	0.72448197	1.06565851	26.241	1.117	0.740	0.027	0.049	0.006
87	0.72447843	1.07173160	26.269	1.121	0.741	0.026	0.049	0.006
88	0.72449810	1.06896043	26.327	1.126	0.746	0.026	0.049	0.006
89	0.72452748	1.06253284	26.307	1.125	0.744	0.026	0.049	0.006
90	0.72451362	1.06618807	26.236	1.122	0.739	0.027	0.049	0.006
91	0.72457257	1.06414187	26.300	1.125	0.744	0.026	0.049	0.006
92	0.72452175	1.06927922	26.271	1.125	0.742	0.026	0.049	0.006
93	0.72451814	1.06738362	26.275	1.128	0.743	0.026	0.049	0.006
94	0.72447434	1.06675723	26.306	1.128	0.743	0.027	0.049	0.006
95	0.72455419	1.06554502	26.286	1.126	0.743	0.026	0.049	0.006
96	0.72447059	1.06557524	26.258	1.121	0.741	0.026	0.049	0.006
97	0.72444048	1.07196498	26.241	1.117	0.739	0.027	0.049	0.006
98	0.72447902	1.06588441	26.292	1.120	0.743	0.026	0.049	0.006
99	0.72454505	1.06607971	26.273	1.121	0.741	0.026	0.049	0.006
100	0.72448424	1.06917620	26.301	1.127	0.744	0.026	0.049	0.006
101	0.72446781	1.06493646	26.311	1.129	0.745	0.026	0.049	0.006
102	0.72446164	1.06539038	26.286	1.121	0.742	0.026	0.049	0.006
103	0.72448171	1.06539461	26.287	1.122	0.743	0.026	0.049	0.006
104	0.72449190	1.06552327	26.199	1.118	0.737	0.027	0.049	0.006
105	0.72451323	1.06154755	26.286	1.123	0.742	0.026	0.049	0.006
106	0.72451084	1.06520185	26.279	1.124	0.742	0.026	0.049	0.006
107	0.72441775	1.06436390	26.286	1.124	0.743	0.026	0.049	0.006
108	0.72446820	1.06560546	26.274	1.122	0.742	0.026	0.049	0.006
109	0.72446015	1.06516439	26.278	1.126	0.743	0.026	0.049	0.006
110	0.72447386	1.06605995	26.243	1.124	0.741	0.026	0.049	0.006
111	0.72445124	1.06667128	26.300	1.127	0.744	0.026	0.049	0.006
112	0.72449044	1.06602600	26.271	1.123	0.742	0.026	0.049	0.006
113	0.72449973	1.06254610	26.298	1.124	0.743	0.026	0.049	0.006
114	0.72446938	1.06472713	26.268	1.124	0.742	0.026	0.049	0.006
115	0.72444846	1.06583214	26.264	1.122	0.741	0.026	0.049	0.006
116	0.72447731	1.06222335	26.309	1.125	0.744	0.026	0.049	0.006
117	0.72445802	1.06422418	26.234	1.121	0.739	0.027	0.049	0.006
118	0.72445356	1.06692091	26.304	1.129	0.744	0.026	0.049	0.006
119	0.72449976	1.06586921	26.295	1.127	0.744	0.026	0.049	0.006
120	0.72453069	1.06669882	26.277	1.122	0.742	0.026	0.049	0.006
121	0.72447367	1.06496316	26.264	1.123	0.741	0.026	0.049	0.006
122	0.72443065	1.06657112	26.295	1.126	0.743	0.026	0.049	0.006
123	0.72444620	1.06713113	26.273	1.122	0.742	0.026	0.049	0.006
124	0.72449477	1.06374967	26.290	1.122	0.743	0.026	0.049	0.006
125	0.72449219	1.06508923	26.315	1.127	0.745	0.026	0.049	0.006
126	0.72444863	1.06488013	26.248	1.119	0.741	0.026	0.049	0.006
127	0.72441698	1.06867275	26.288	1.125	0.743	0.026	0.049	0.006
128	0.72445349	1.06568334	26.294	1.125	0.743	0.026	0.049	0.006
129	0.72448301	1.06569144	26.280	1.124	0.742	0.026	0.049	0.006
130	0.72449569	1.06571856	26.289	1.129	0.743	0.026	0.049	0.006
131	0.72448973	1.06562594	26.260	1.124	0.741	0.026	0.049	0.006
132	0.72447546	1.06419131	26.278	1.124	0.743	0.026	0.049	0.006
133	0.72449284	1.06541523	26.299	1.123	0.744	0.026	0.049	0.006
134	0.72449763	1.06639093	26.277	1.124	0.742	0.026	0.049	0.006
135	0.72446370	1.06654400	26.264	1.123	0.741	0.026	0.049	0.006
136	0.72449225	1.06643468	26.297	1.128	0.744	0.026	0.049	0.006
137	0.72443756	1.06684265	26.275	1.123	0.742	0.026	0.049	0.006
138	0.72446591	1.06676883	26.294	1.126	0.743	0.026	0.049	0.006
139	0.72442482	1.06640995	26.269	1.125	0.742	0.026	0.049	0.006
140	0.72440710	1.06462601	26.283	1.127	0.743	0.026	0.049	0.006
141	0.72446913	1.06509617	26.291	1.126	0.743	0.026	0.049	0.006
142	0.72448440	1.06453863	26.284	1.126	0.743	0.026	0.049	0.006
143	0.72442759	1.06367204	26.281	1.123	0.743	0.026	0.049	0.006
144	0.72447738	1.06485540	26.280	1.127	0.742	0.026	0.049	0.006
145	0.72443668	1.06304407	26.286	1.126	0.743	0.026	0.049	0.006
146	0.72447706	1.06503865	26.275	1.121	0.742	0.026	0.049	0.006
147	0.72444959	1.06566185	26.279	1.126	0.742	0.026	0.049	0.006
148	0.72442949	1.06406844	26.260	1.120	0.741	0.026	0.049	0.006
149	0.72444521	1.06623885	26.300	1.127	0.744	0.026	0.049	0.006
150	0.72448874	1.06623319	26.312	1.127	0.744	0.026	0.049	0.006
