Epoch	TrainLoss	ValidLoss	PSNR	PSNR_std	SSIM	SSIM_std	NRMSE	NRMSE_std
1	0.19094390	0.10282739	33.225	1.601	0.940	0.020	0.022	0.004
2	0.17571733	0.10007034	33.178	1.653	0.939	0.021	0.022	0.004
3	0.17533825	0.09929849	33.258	1.648	0.940	0.021	0.022	0.004
4	0.17502563	0.09998630	33.247	1.604	0.940	0.020	0.022	0.004
5	0.17479187	0.10153220	33.202	1.639	0.939	0.021	0.022	0.004
6	0.17470846	0.10283740	33.192	1.624	0.939	0.021	0.022	0.004
7	0.17474186	0.10183113	33.272	1.681	0.940	0.021	0.022	0.004
8	0.17455259	0.10030358	33.110	1.595	0.939	0.021	0.022	0.004
9	0.17457539	0.10040475	33.089	1.599	0.938	0.021	0.023	0.004
10	0.17435695	0.10205171	33.071	1.646	0.937	0.022	0.023	0.004
11	0.17421165	0.10009662	33.204	1.614	0.940	0.021	0.022	0.004
12	0.17414645	0.10229111	33.020	1.619	0.937	0.022	0.023	0.004
13	0.17401847	0.10079623	33.081	1.602	0.938	0.021	0.023	0.004
14	0.17416744	0.09961245	33.104	1.590	0.939	0.021	0.022	0.004
15	0.17388849	0.10136951	33.188	1.627	0.939	0.021	0.022	0.004
16	0.17371996	0.09960491	33.190	1.553	0.941	0.020	0.022	0.004
17	0.17372444	0.10241832	33.084	1.583	0.939	0.021	0.023	0.004
18	0.17404648	0.10128754	33.236	1.632	0.940	0.021	0.022	0.004
19	0.17416589	0.10070283	33.153	1.578	0.940	0.020	0.022	0.004
20	0.17402021	0.10030544	33.154	1.610	0.939	0.021	0.022	0.004
21	0.17414406	0.10063870	33.043	1.551	0.938	0.021	0.023	0.004
22	0.17394160	0.10017319	33.172	1.581	0.940	0.021	0.022	0.004
23	0.17388604	0.10197557	33.120	1.585	0.940	0.020	0.022	0.004
24	0.17383697	0.10175065	33.089	1.532	0.939	0.020	0.023	0.004
25	0.17399745	0.10107686	33.189	1.589	0.940	0.021	0.022	0.004
26	0.17404696	0.09991548	33.161	1.610	0.939	0.021	0.022	0.004
27	0.17363000	0.10008513	33.187	1.633	0.939	0.021	0.022	0.004
28	0.17364135	0.10193359	33.135	1.546	0.940	0.020	0.022	0.004
29	0.17367774	0.10021964	33.164	1.563	0.940	0.020	0.022	0.004
30	0.17382058	0.10240161	33.032	1.505	0.939	0.020	0.023	0.004
31	0.17353708	0.09979215	33.173	1.597	0.940	0.021	0.022	0.004
32	0.17364977	0.10063137	33.109	1.566	0.939	0.021	0.022	0.004
33	0.17366851	0.10090098	33.148	1.570	0.940	0.021	0.022	0.004
34	0.17366011	0.10091908	33.076	1.586	0.938	0.021	0.023	0.004
35	0.17363374	0.10149408	33.082	1.522	0.940	0.020	0.023	0.004
36	0.17348911	0.09992905	33.103	1.577	0.939	0.021	0.022	0.004
37	0.17397541	0.10056596	33.176	1.560	0.940	0.020	0.022	0.004
38	0.17333791	0.10104595	33.172	1.574	0.940	0.020	0.022	0.004
39	0.17387335	0.10057671	33.141	1.573	0.940	0.021	0.022	0.004
40	0.17372290	0.10112559	33.069	1.532	0.939	0.021	0.023	0.004
41	0.17371123	0.10022129	33.210	1.597	0.940	0.021	0.022	0.004
42	0.17370380	0.10006752	33.186	1.554	0.940	0.020	0.022	0.004
43	0.17357140	0.10019302	33.166	1.542	0.940	0.020	0.022	0.004
44	0.17351609	0.10031953	33.170	1.569	0.940	0.020	0.022	0.004
45	0.17339638	0.10156057	33.124	1.556	0.940	0.020	0.022	0.004
46	0.17374179	0.10122985	33.074	1.527	0.939	0.020	0.023	0.004
47	0.17364632	0.10153537	33.054	1.573	0.938	0.021	0.023	0.004
48	0.17381513	0.10104605	33.124	1.564	0.940	0.021	0.022	0.004
49	0.17352254	0.10091810	33.164	1.540	0.940	0.020	0.022	0.004
50	0.17372966	0.10106340	33.146	1.567	0.940	0.020	0.022	0.004
51	0.17343315	0.10127947	33.205	1.587	0.940	0.020	0.022	0.004
52	0.17371105	0.10165029	33.089	1.583	0.939	0.021	0.023	0.004
53	0.17365093	0.10135791	33.098	1.553	0.939	0.020	0.022	0.004
54	0.17375966	0.10106020	33.136	1.589	0.939	0.021	0.022	0.004
55	0.17340268	0.10037632	33.133	1.561	0.940	0.020	0.022	0.004
56	0.17331972	0.10077440	33.102	1.570	0.939	0.021	0.022	0.004
57	0.17351237	0.10145991	33.074	1.523	0.939	0.020	0.023	0.004
58	0.17382875	0.10019172	33.170	1.544	0.941	0.020	0.022	0.004
59	0.17364701	0.10100580	33.127	1.566	0.939	0.020	0.022	0.004
60	0.17352830	0.10069613	33.102	1.557	0.939	0.021	0.022	0.004
61	0.17340337	0.10136056	33.121	1.556	0.940	0.020	0.022	0.004
62	0.17314160	0.10113189	33.118	1.545	0.940	0.021	0.022	0.004
63	0.17347891	0.10126115	33.102	1.553	0.939	0.021	0.022	0.004
64	0.17330127	0.10105905	33.082	1.529	0.940	0.020	0.023	0.004
65	0.17354601	0.10133395	33.111	1.565	0.939	0.021	0.022	0.004
66	0.17356714	0.10099790	33.104	1.522	0.940	0.020	0.022	0.004
67	0.17348619	0.10052470	33.143	1.549	0.940	0.020	0.022	0.004
68	0.17378765	0.10142612	33.105	1.542	0.940	0.020	0.022	0.004
69	0.17331475	0.10061019	33.096	1.533	0.939	0.021	0.022	0.004
70	0.17363262	0.10114295	33.110	1.519	0.940	0.020	0.022	0.004
71	0.17351724	0.10074061	33.133	1.553	0.940	0.021	0.022	0.004
72	0.17351612	0.10098707	33.044	1.514	0.939	0.021	0.023	0.004
73	0.17333231	0.10119585	33.108	1.518	0.940	0.020	0.022	0.004
74	0.17363351	0.10089910	33.105	1.559	0.939	0.021	0.022	0.004
75	0.17328618	0.10072781	33.154	1.541	0.940	0.020	0.022	0.004
76	0.17334229	0.10100103	33.075	1.517	0.940	0.020	0.023	0.004
77	0.17340247	0.10135413	33.067	1.543	0.939	0.021	0.023	0.004
78	0.17344074	0.10087817	33.042	1.521	0.939	0.021	0.023	0.004
79	0.17326691	0.10048683	33.128	1.562	0.939	0.020	0.022	0.004
80	0.17350361	0.10131514	33.124	1.553	0.940	0.020	0.022	0.004
81	0.17339239	0.10082388	33.099	1.540	0.939	0.020	0.022	0.004
82	0.17345899	0.10116674	33.127	1.548	0.940	0.020	0.022	0.004
83	0.17345721	0.10107528	33.120	1.506	0.941	0.020	0.022	0.004
84	0.17344133	0.10036537	33.117	1.540	0.940	0.020	0.022	0.004
85	0.17331273	0.10056270	33.074	1.515	0.940	0.020	0.023	0.004
86	0.17335359	0.10117220	33.123	1.544	0.940	0.020	0.022	0.004
87	0.17353870	0.10076573	33.131	1.551	0.940	0.020	0.022	0.004
88	0.17355048	0.10053585	33.117	1.554	0.940	0.021	0.022	0.004
89	0.17343707	0.10123853	33.113	1.524	0.940	0.020	0.022	0.004
90	0.17330357	0.10108467	33.086	1.529	0.940	0.020	0.023	0.004
91	0.17345541	0.10069318	33.106	1.545	0.939	0.021	0.022	0.004
92	0.17333734	0.10093151	33.083	1.497	0.940	0.020	0.023	0.004
93	0.17336210	0.10119656	33.097	1.530	0.940	0.020	0.022	0.004
94	0.17356181	0.10096686	33.092	1.523	0.940	0.020	0.022	0.004
95	0.17326420	0.10120049	33.079	1.537	0.939	0.020	0.023	0.004
96	0.17339121	0.10125775	33.092	1.506	0.940	0.020	0.022	0.004
97	0.17353368	0.10102948	33.095	1.556	0.939	0.021	0.022	0.004
98	0.17343278	0.10073601	33.139	1.539	0.940	0.020	0.022	0.004
99	0.17327530	0.10122651	33.094	1.544	0.939	0.020	0.022	0.004
100	0.17350658	0.10099400	33.121	1.528	0.940	0.020	0.022	0.004
101	0.17304233	0.10113729	33.050	1.522	0.939	0.021	0.023	0.004
102	0.17327391	0.10113137	33.083	1.533	0.939	0.020	0.023	0.004
103	0.17332882	0.10130520	33.055	1.520	0.939	0.020	0.023	0.004
104	0.17320840	0.10103023	33.090	1.538	0.940	0.021	0.023	0.004
105	0.17312054	0.10123494	33.093	1.519	0.940	0.020	0.022	0.004
106	0.17329537	0.10064658	33.101	1.510	0.940	0.020	0.022	0.004
107	0.17340315	0.10107610	33.069	1.523	0.939	0.020	0.023	0.004
108	0.17308638	0.10093067	33.087	1.515	0.940	0.020	0.023	0.004
109	0.17325268	0.10124692	33.068	1.504	0.940	0.020	0.023	0.004
110	0.17366601	0.10104359	33.095	1.515	0.940	0.020	0.022	0.004
111	0.17320576	0.10085740	33.100	1.528	0.940	0.020	0.022	0.004
112	0.17361356	0.10084049	33.118	1.528	0.940	0.020	0.022	0.004
113	0.17325963	0.10144313	33.038	1.501	0.939	0.020	0.023	0.004
114	0.17370337	0.10105524	33.079	1.510	0.940	0.020	0.023	0.004
115	0.17342709	0.10104173	33.046	1.506	0.939	0.020	0.023	0.004
116	0.17320314	0.10103914	33.072	1.503	0.940	0.020	0.023	0.004
117	0.17346908	0.10108776	33.083	1.522	0.940	0.020	0.023	0.004
118	0.17337154	0.10107152	33.114	1.539	0.940	0.020	0.022	0.004
119	0.17339362	0.10088488	33.092	1.518	0.940	0.020	0.022	0.004
120	0.17323287	0.10090453	33.109	1.523	0.940	0.020	0.022	0.004
121	0.17348766	0.10099489	33.045	1.503	0.939	0.020	0.023	0.004
122	0.17322215	0.10121882	33.066	1.527	0.939	0.021	0.023	0.004
123	0.17346282	0.10092786	33.107	1.528	0.940	0.020	0.022	0.004
124	0.17338807	0.10116596	33.071	1.514	0.940	0.020	0.023	0.004
125	0.17324407	0.10107943	33.079	1.527	0.940	0.020	0.023	0.004
126	0.17342518	0.10111896	33.092	1.533	0.940	0.020	0.022	0.004
127	0.17339193	0.10112101	33.079	1.523	0.940	0.020	0.023	0.004
128	0.17322016	0.10102027	33.101	1.531	0.940	0.020	0.022	0.004
129	0.17333977	0.10092069	33.074	1.496	0.940	0.020	0.023	0.004
130	0.17323753	0.10105878	33.086	1.529	0.940	0.020	0.023	0.004
131	0.17334278	0.10107833	33.071	1.520	0.940	0.020	0.023	0.004
132	0.17333432	0.10140115	33.040	1.509	0.939	0.021	0.023	0.004
133	0.17325659	0.10107563	33.076	1.501	0.940	0.020	0.023	0.004
134	0.17338104	0.10103139	33.063	1.504	0.940	0.020	0.023	0.004
135	0.17316626	0.10128964	33.062	1.519	0.939	0.020	0.023	0.004
136	0.17322519	0.10102408	33.080	1.504	0.940	0.020	0.023	0.004
137	0.17340231	0.10153829	33.041	1.501	0.939	0.020	0.023	0.004
138	0.17310050	0.10104612	33.086	1.523	0.940	0.020	0.023	0.004
139	0.17334037	0.10122907	33.067	1.510	0.940	0.020	0.023	0.004
140	0.17300025	0.10090560	33.096	1.525	0.940	0.020	0.022	0.004
141	0.17330689	0.10098055	33.082	1.510	0.940	0.020	0.023	0.004
142	0.17344337	0.10107796	33.085	1.517	0.940	0.020	0.023	0.004
143	0.17314407	0.10122509	33.064	1.495	0.940	0.020	0.023	0.004
144	0.17309681	0.10116428	33.061	1.514	0.939	0.020	0.023	0.004
145	0.17352646	0.10095863	33.098	1.525	0.940	0.020	0.022	0.004
146	0.17334986	0.10109078	33.080	1.513	0.940	0.020	0.023	0.004
147	0.17296996	0.10108860	33.086	1.520	0.940	0.020	0.023	0.004
148	0.17329835	0.10101324	33.053	1.516	0.939	0.021	0.023	0.004
149	0.17348868	0.10096241	33.075	1.510	0.940	0.020	0.023	0.004
150	0.17329579	0.10102262	33.095	1.514	0.940	0.020	0.022	0.004
