Epoch	TrainLoss	ValidLoss	PSNR	PSNR_std	SSIM	SSIM_std	NRMSE	NRMSE_std
1	0.45339208	0.22609775	22.928	1.617	0.814	0.031	0.073	0.012
2	0.18532547	0.13808041	27.477	1.509	0.909	0.014	0.043	0.007
3	0.12799561	0.10339748	29.527	1.648	0.945	0.013	0.034	0.007
4	0.11729111	0.10616771	29.613	1.724	0.956	0.012	0.034	0.007
5	0.11337545	0.09017384	31.153	1.729	0.960	0.010	0.028	0.006
6	0.10225915	0.07914872	30.973	1.775	0.970	0.011	0.029	0.006
7	0.11015747	0.08401732	30.395	1.629	0.909	0.019	0.031	0.006
8	0.09660554	0.07130005	32.270	1.755	0.960	0.008	0.025	0.006
9	0.08416336	0.06033665	32.433	1.883	0.969	0.008	0.025	0.006
10	0.08748538	0.05311778	32.798	1.942	0.972	0.007	0.024	0.006
11	0.07371420	0.05744160	32.370	2.058	0.968	0.007	0.025	0.006
12	0.06813724	0.05567011	32.388	1.963	0.961	0.009	0.025	0.006
13	0.08244191	0.05594580	32.695	2.041	0.968	0.007	0.024	0.006
14	0.07779698	0.05351159	32.671	2.273	0.979	0.007	0.024	0.007
15	0.07150497	0.04714039	33.347	2.139	0.976	0.008	0.022	0.006
16	0.07060034	0.04724901	33.358	2.366	0.982	0.007	0.022	0.007
17	0.07226232	0.05083600	33.367	2.252	0.980	0.007	0.022	0.007
18	0.06059002	0.05182508	33.058	2.415	0.973	0.007	0.023	0.007
19	0.07714676	0.05457518	33.150	2.318	0.972	0.006	0.023	0.007
20	0.06373684	0.04571306	33.470	2.520	0.983	0.008	0.022	0.007
21	0.07992355	0.06101370	32.243	2.207	0.952	0.012	0.025	0.007
22	0.06809563	0.04591022	33.469	2.396	0.979	0.007	0.022	0.007
23	0.07244618	0.04555551	33.322	2.456	0.977	0.006	0.023	0.007
24	0.06047211	0.06095864	33.710	2.359	0.975	0.006	0.021	0.007
25	0.06888014	0.04686664	33.583	2.503	0.975	0.007	0.022	0.007
26	0.05736417	0.04976772	33.350	2.511	0.973	0.007	0.022	0.007
27	0.06484557	0.05272377	33.502	2.718	0.980	0.008	0.022	0.008
28	0.06405000	0.04707431	33.568	2.632	0.978	0.007	0.022	0.008
29	0.07447641	0.04967683	33.593	2.723	0.982	0.009	0.022	0.008
30	0.06281759	0.04600309	33.802	2.773	0.984	0.008	0.022	0.008
31	0.05574053	0.04422984	33.867	2.868	0.984	0.008	0.022	0.008
32	0.05801080	0.04450438	33.714	2.737	0.981	0.008	0.022	0.008
33	0.06528320	0.04667272	33.637	2.747	0.985	0.009	0.022	0.008
34	0.06325075	0.04992817	33.473	2.504	0.978	0.007	0.022	0.007
35	0.05951216	0.04278625	34.224	2.689	0.984	0.007	0.021	0.007
36	0.06330940	0.04747933	33.629	2.482	0.971	0.007	0.022	0.007
37	0.05932021	0.04372940	33.833	2.658	0.977	0.007	0.021	0.007
38	0.06399340	0.04865778	33.227	2.736	0.973	0.010	0.023	0.008
39	0.04709873	0.04021053	34.254	2.844	0.985	0.008	0.021	0.008
40	0.05783809	0.04186147	34.155	2.844	0.986	0.008	0.021	0.008
41	0.06309943	0.04385210	33.986	2.765	0.981	0.007	0.021	0.008
42	0.05806080	0.04452225	34.042	2.861	0.985	0.009	0.021	0.008
43	0.05956989	0.04380773	33.870	2.751	0.976	0.008	0.021	0.008
44	0.06078232	0.04517733	33.488	2.658	0.975	0.009	0.022	0.008
45	0.06134550	0.04476856	33.951	2.828	0.982	0.008	0.021	0.008
46	0.05267795	0.04558094	34.197	2.989	0.985	0.009	0.021	0.008
47	0.05329302	0.04050625	34.164	2.896	0.984	0.008	0.021	0.008
48	0.05663235	0.04428109	34.173	2.935	0.982	0.008	0.021	0.008
49	0.05724264	0.04219278	33.962	2.859	0.982	0.008	0.021	0.008
50	0.06533385	0.04484735	33.810	3.017	0.986	0.010	0.022	0.009
51	0.05096878	0.03984767	34.213	2.941	0.983	0.008	0.021	0.008
52	0.05762648	0.04483269	33.890	2.800	0.986	0.009	0.021	0.008
53	0.06180472	0.04095961	34.207	3.110	0.987	0.009	0.021	0.008
54	0.04834459	0.04019342	34.180	2.956	0.983	0.008	0.021	0.008
55	0.04665444	0.03928258	34.162	3.138	0.984	0.009	0.021	0.009
56	0.04975928	0.04259435	33.901	2.958	0.981	0.009	0.021	0.008
57	0.05984057	0.04104849	34.086	3.095	0.983	0.009	0.021	0.009
58	0.04891516	0.04088556	34.246	3.041	0.985	0.009	0.021	0.008
59	0.05378931	0.04070367	34.286	3.106	0.986	0.009	0.021	0.008
60	0.05849790	0.04191935	33.676	3.098	0.980	0.010	0.022	0.009
61	0.04803464	0.04198110	34.317	3.115	0.985	0.009	0.021	0.008
62	0.05926423	0.04102892	34.099	3.025	0.984	0.009	0.021	0.008
63	0.05538976	0.04172988	34.068	3.103	0.984	0.009	0.021	0.009
64	0.05071389	0.04046592	34.183	3.046	0.983	0.008	0.021	0.008
65	0.05549198	0.03897774	34.374	3.104	0.985	0.009	0.020	0.008
66	0.04901072	0.03946953	34.341	3.200	0.986	0.009	0.021	0.009
67	0.06462643	0.04046002	34.121	3.106	0.985	0.009	0.021	0.008
68	0.05744173	0.03904743	34.386	3.188	0.986	0.009	0.021	0.009
69	0.06025550	0.04025217	34.267	3.183	0.986	0.009	0.021	0.009
70	0.04883478	0.04135453	34.368	3.198	0.987	0.009	0.021	0.009
71	0.06016855	0.04207349	34.008	3.041	0.980	0.009	0.021	0.008
72	0.05177224	0.04065323	34.193	3.223	0.984	0.009	0.021	0.009
73	0.05953708	0.04163769	33.772	3.019	0.985	0.010	0.022	0.009
74	0.05985589	0.03924291	34.144	3.200	0.985	0.009	0.021	0.009
75	0.06122783	0.04128368	34.027	3.137	0.985	0.010	0.021	0.009
76	0.05471328	0.04002464	34.103	3.175	0.985	0.009	0.021	0.009
77	0.05454248	0.03944759	33.996	3.055	0.985	0.009	0.021	0.009
78	0.05277676	0.04047577	34.038	3.123	0.981	0.010	0.021	0.009
79	0.05464792	0.03977843	34.274	3.215	0.985	0.009	0.021	0.009
80	0.06563714	0.04001259	34.415	3.190	0.987	0.009	0.020	0.009
81	0.04939170	0.04003121	34.179	3.185	0.984	0.009	0.021	0.009
82	0.05796612	0.03836033	34.445	3.216	0.986	0.009	0.020	0.009
83	0.05890854	0.04138633	33.774	3.084	0.985	0.010	0.022	0.009
84	0.05939650	0.03952959	34.247	3.184	0.985	0.009	0.021	0.009
85	0.04181728	0.04052636	34.369	3.229	0.985	0.009	0.021	0.009
86	0.06029862	0.04143218	33.956	3.232	0.985	0.010	0.022	0.009
87	0.05401286	0.03904212	34.194	3.179	0.986	0.009	0.021	0.009
88	0.05306881	0.04134246	33.827	3.167	0.985	0.010	0.022	0.009
89	0.04927239	0.03967851	34.210	3.213	0.985	0.010	0.021	0.009
90	0.05050962	0.03914927	34.277	3.287	0.986	0.010	0.021	0.009
91	0.04395387	0.03997986	34.282	3.247	0.985	0.009	0.021	0.009
92	0.04914354	0.04004917	34.351	3.332	0.986	0.010	0.021	0.009
93	0.05436086	0.03996212	34.151	3.302	0.985	0.010	0.021	0.009
94	0.04656736	0.03878695	34.250	3.212	0.985	0.009	0.021	0.009
95	0.05109526	0.03973661	34.048	3.300	0.984	0.010	0.021	0.009
96	0.05349577	0.03970668	34.225	3.228	0.986	0.010	0.021	0.009
97	0.06215383	0.03985280	34.050	3.313	0.983	0.010	0.021	0.009
98	0.05441428	0.03919660	34.140	3.310	0.985	0.010	0.021	0.009
99	0.05229035	0.03989855	34.266	3.249	0.985	0.009	0.021	0.009
100	0.05943873	0.04047626	33.848	3.225	0.985	0.010	0.022	0.009
101	0.05415658	0.03882539	34.338	3.279	0.986	0.009	0.021	0.009
102	0.05562550	0.04020028	34.152	3.291	0.985	0.010	0.021	0.009
103	0.04807902	0.03910568	34.235	3.243	0.985	0.010	0.021	0.009
104	0.04974652	0.03950338	34.353	3.333	0.985	0.010	0.021	0.009
105	0.05460811	0.03968139	34.398	3.385	0.986	0.010	0.021	0.009
106	0.05845564	0.03928569	34.254	3.348	0.986	0.010	0.021	0.009
107	0.05312062	0.03938412	34.359	3.342	0.986	0.010	0.021	0.009
108	0.05295007	0.03966581	34.226	3.240	0.986	0.010	0.021	0.009
109	0.05638897	0.04013312	34.221	3.329	0.986	0.010	0.021	0.009
110	0.04539394	0.04009442	34.290	3.325	0.985	0.010	0.021	0.009
111	0.05152862	0.03963220	34.156	3.318	0.986	0.010	0.021	0.009
112	0.05759697	0.04029487	34.148	3.328	0.985	0.010	0.021	0.009
113	0.04910346	0.03881939	34.348	3.260	0.986	0.009	0.021	0.009
114	0.05300783	0.03965923	34.230	3.333	0.986	0.010	0.021	0.009
115	0.04534206	0.03931547	34.320	3.337	0.986	0.010	0.021	0.009
116	0.05662366	0.03952271	34.289	3.340	0.986	0.010	0.021	0.009
117	0.05488551	0.03886252	34.427	3.337	0.986	0.010	0.021	0.009
118	0.05053945	0.03966721	34.292	3.399	0.986	0.010	0.021	0.009
119	0.04259112	0.03920202	34.319	3.365	0.986	0.010	0.021	0.009
120	0.05539805	0.03922068	34.256	3.297	0.985	0.010	0.021	0.009
121	0.04297274	0.03925579	34.242	3.332	0.985	0.010	0.021	0.009
122	0.05857501	0.03912603	34.243	3.376	0.986	0.010	0.021	0.009
123	0.04652920	0.03951411	34.177	3.355	0.985	0.010	0.021	0.009
124	0.04372158	0.03811886	34.416	3.338	0.986	0.010	0.021	0.009
125	0.05963995	0.03934914	34.258	3.363	0.986	0.010	0.021	0.009
126	0.04140206	0.03925505	34.308	3.414	0.986	0.010	0.021	0.009
127	0.05161844	0.03918026	34.283	3.332	0.986	0.010	0.021	0.009
128	0.03844514	0.03914768	34.324	3.404	0.986	0.010	0.021	0.009
129	0.04986208	0.03963744	34.266	3.362	0.986	0.010	0.021	0.009
130	0.05549555	0.03914107	34.349	3.356	0.986	0.010	0.021	0.009
131	0.05592658	0.03957483	34.190	3.379	0.985	0.010	0.021	0.009
132	0.05630730	0.03964090	34.311	3.373	0.986	0.010	0.021	0.009
133	0.05345011	0.03957697	34.172	3.342	0.985	0.010	0.021	0.009
134	0.05571967	0.03951057	34.167	3.403	0.985	0.010	0.021	0.009
135	0.04271112	0.03925586	34.298	3.420	0.985	0.010	0.021	0.009
136	0.05510313	0.03911292	34.252	3.371	0.985	0.010	0.021	0.009
137	0.05876205	0.03885109	34.316	3.360	0.985	0.010	0.021	0.009
138	0.05100889	0.03952045	34.239	3.349	0.985	0.010	0.021	0.009
139	0.04586999	0.03907895	34.263	3.406	0.985	0.010	0.021	0.009
140	0.05075352	0.03869205	34.185	3.353	0.985	0.010	0.021	0.009
141	0.05241483	0.03874100	34.389	3.391	0.986	0.010	0.021	0.009
142	0.04906941	0.03950957	34.295	3.398	0.986	0.010	0.021	0.009
143	0.04821775	0.03844929	34.313	3.406	0.985	0.010	0.021	0.009
144	0.04316970	0.03871752	34.317	3.392	0.986	0.010	0.021	0.009
145	0.04662513	0.03836925	34.293	3.353	0.985	0.010	0.021	0.009
146	0.05651875	0.03888669	34.248	3.351	0.986	0.010	0.021	0.009
147	0.05335319	0.03968721	34.214	3.365	0.986	0.010	0.021	0.009
148	0.05377976	0.03955718	34.226	3.371	0.985	0.010	0.021	0.009
149	0.05351707	0.03943081	34.192	3.393	0.985	0.010	0.021	0.009
150	0.05235289	0.03943667	34.282	3.417	0.986	0.010	0.021	0.009
