Epoch	TrainLoss	ValidLoss	PSNR	PSNR_std	SSIM	SSIM_std	NRMSE	NRMSE_std
1	0.72279516	1.03948405	28.023	1.300	0.850	0.023	0.040	0.006
2	0.72124148	1.03352118	28.215	1.310	0.856	0.025	0.039	0.006
3	0.72109776	0.99913425	28.172	1.287	0.854	0.023	0.039	0.006
4	0.72099384	1.02111716	28.187	1.292	0.853	0.024	0.039	0.006
5	0.72084704	1.03315913	28.284	1.299	0.857	0.024	0.039	0.006
6	0.72078832	1.03053825	28.254	1.281	0.857	0.025	0.039	0.006
7	0.72094177	1.02216810	28.254	1.291	0.857	0.026	0.039	0.006
8	0.72083489	1.04880884	28.278	1.282	0.857	0.026	0.039	0.006
9	0.72082921	1.01405370	28.295	1.306	0.858	0.025	0.039	0.006
10	0.72088981	1.01834489	28.310	1.294	0.859	0.026	0.039	0.006
11	0.72073648	1.00273685	28.288	1.292	0.858	0.025	0.039	0.006
12	0.72060799	1.02949730	28.303	1.295	0.858	0.026	0.039	0.006
13	0.72054260	1.02120578	28.311	1.297	0.859	0.025	0.039	0.006
14	0.72063400	1.02881313	28.329	1.296	0.859	0.025	0.039	0.006
15	0.72070542	1.03156561	28.311	1.290	0.859	0.026	0.039	0.006
16	0.72060716	1.02889267	28.258	1.288	0.858	0.025	0.039	0.006
17	0.72060348	1.01674588	28.316	1.290	0.859	0.026	0.039	0.006
18	0.72059505	1.03178252	28.320	1.291	0.860	0.026	0.039	0.006
19	0.72061194	1.04960254	28.276	1.271	0.859	0.026	0.039	0.006
20	0.72047150	1.02982264	28.342	1.286	0.860	0.026	0.039	0.006
21	0.72049536	1.02458089	28.341	1.299	0.859	0.025	0.039	0.006
22	0.72045279	1.02796762	28.326	1.294	0.859	0.026	0.039	0.006
23	0.72053378	1.02149528	28.341	1.297	0.860	0.026	0.039	0.006
24	0.72052874	1.01706549	28.315	1.272	0.860	0.026	0.039	0.006
25	0.72039224	1.01449773	28.296	1.296	0.859	0.026	0.039	0.006
26	0.72055423	1.02479012	28.364	1.293	0.860	0.026	0.039	0.006
27	0.72042124	1.03606332	28.372	1.292	0.861	0.026	0.039	0.006
28	0.72042567	1.02383066	28.374	1.293	0.860	0.026	0.039	0.006
29	0.72033898	1.03024884	28.323	1.275	0.860	0.025	0.039	0.006
30	0.72050664	1.02532236	28.369	1.278	0.861	0.026	0.039	0.006
31	0.72045818	1.02159626	28.375	1.290	0.861	0.026	0.039	0.006
32	0.72027320	1.03866635	28.335	1.293	0.860	0.026	0.039	0.006
33	0.72048494	1.02450013	28.361	1.309	0.860	0.026	0.039	0.006
34	0.72040193	1.03310465	28.356	1.281	0.861	0.026	0.039	0.006
35	0.72049383	1.02766173	28.359	1.319	0.860	0.027	0.039	0.006
36	0.72033827	1.01838794	28.369	1.296	0.861	0.026	0.039	0.006
37	0.72027760	1.02877325	28.338	1.295	0.860	0.026	0.039	0.006
38	0.72037004	1.02702927	28.369	1.304	0.861	0.026	0.039	0.006
39	0.72043003	1.02755120	28.321	1.287	0.860	0.026	0.039	0.006
40	0.72039773	1.03533723	28.362	1.309	0.861	0.026	0.039	0.006
41	0.72034349	1.03770248	28.355	1.288	0.861	0.026	0.039	0.006
42	0.72024841	1.02596387	28.365	1.309	0.861	0.026	0.039	0.006
43	0.72034493	1.02299739	28.372	1.292	0.861	0.026	0.039	0.006
44	0.72033134	1.02431276	28.361	1.297	0.861	0.026	0.039	0.006
45	0.72030244	1.02695870	28.364	1.293	0.861	0.026	0.039	0.006
46	0.72033134	1.02595181	28.384	1.315	0.861	0.027	0.039	0.006
47	0.72017843	1.03060649	28.368	1.301	0.860	0.027	0.039	0.006
48	0.72030607	1.02574370	28.378	1.295	0.861	0.026	0.039	0.006
49	0.72027564	1.02607621	28.372	1.311	0.861	0.026	0.039	0.006
50	0.72018134	1.03694304	28.348	1.300	0.860	0.026	0.039	0.006
51	0.72034779	1.02611449	28.362	1.311	0.861	0.027	0.039	0.006
52	0.72015963	1.02935507	28.343	1.300	0.860	0.026	0.039	0.006
53	0.72016150	1.02817493	28.367	1.302	0.861	0.026	0.039	0.006
54	0.72016102	1.02410568	28.373	1.301	0.861	0.026	0.039	0.006
55	0.72013265	1.02309532	28.339	1.304	0.860	0.026	0.039	0.006
56	0.72019491	1.02805607	28.349	1.302	0.860	0.026	0.039	0.006
57	0.72029038	1.02467486	28.386	1.306	0.861	0.027	0.039	0.006
58	0.72011838	1.03038378	28.357	1.301	0.861	0.026	0.039	0.006
59	0.72022647	1.02452105	28.363	1.298	0.861	0.026	0.039	0.006
60	0.72016228	1.02927373	28.358	1.308	0.860	0.026	0.039	0.006
61	0.72010982	1.02583016	28.366	1.319	0.861	0.026	0.039	0.006
62	0.72011025	1.02563522	28.351	1.308	0.860	0.026	0.039	0.006
63	0.72022170	1.02744474	28.329	1.305	0.860	0.026	0.039	0.006
64	0.72007972	1.02713943	28.343	1.308	0.860	0.026	0.039	0.006
65	0.72021170	1.02610243	28.351	1.314	0.860	0.026	0.039	0.006
66	0.72005007	1.01821691	28.347	1.311	0.860	0.027	0.039	0.006
67	0.72003202	1.02935771	28.358	1.320	0.860	0.027	0.039	0.006
68	0.72021456	1.02250464	28.364	1.306	0.860	0.027	0.039	0.006
69	0.72004784	1.03420908	28.367	1.305	0.860	0.027	0.039	0.006
70	0.72012741	1.03517181	28.354	1.312	0.860	0.026	0.039	0.006
71	0.72017117	1.02827188	28.341	1.306	0.860	0.026	0.039	0.006
72	0.71999853	1.02815825	28.343	1.308	0.860	0.026	0.039	0.006
73	0.71995005	1.02059475	28.318	1.314	0.860	0.026	0.039	0.006
74	0.72009154	1.02688710	28.370	1.319	0.860	0.027	0.039	0.006
75	0.72008929	1.02649175	28.341	1.317	0.860	0.026	0.039	0.006
76	0.72009035	1.02083678	28.349	1.322	0.860	0.027	0.039	0.006
77	0.72025848	1.02180560	28.346	1.325	0.860	0.027	0.039	0.006
78	0.71999857	1.03007987	28.346	1.316	0.860	0.027	0.039	0.006
79	0.72014448	1.02258561	28.358	1.315	0.860	0.027	0.039	0.006
80	0.72001326	1.02175564	28.337	1.313	0.860	0.027	0.039	0.006
81	0.72002550	1.02578712	28.342	1.306	0.860	0.027	0.039	0.006
82	0.72004917	1.02539556	28.336	1.306	0.860	0.027	0.039	0.006
83	0.72001370	1.02870725	28.336	1.314	0.860	0.027	0.039	0.006
84	0.72007460	1.03262529	28.333	1.302	0.860	0.026	0.039	0.006
85	0.72014928	1.02215104	28.336	1.312	0.860	0.027	0.039	0.006
86	0.72011572	1.02476027	28.357	1.316	0.860	0.026	0.039	0.006
87	0.72008195	1.02859232	28.336	1.316	0.860	0.027	0.039	0.006
88	0.72017942	1.02899525	28.329	1.312	0.860	0.027	0.039	0.006
89	0.72000811	1.02659571	28.332	1.310	0.860	0.027	0.039	0.006
90	0.71998612	1.03011073	28.327	1.310	0.860	0.027	0.039	0.006
91	0.71992185	1.02413718	28.322	1.319	0.860	0.027	0.039	0.006
92	0.71995248	1.02631576	28.331	1.316	0.860	0.027	0.039	0.006
93	0.72005062	1.02537389	28.337	1.310	0.860	0.027	0.039	0.006
94	0.71998183	1.02713653	28.328	1.321	0.860	0.027	0.039	0.006
95	0.72005471	1.02826083	28.332	1.309	0.860	0.027	0.039	0.006
96	0.72005045	1.02445417	28.322	1.318	0.860	0.026	0.039	0.006
97	0.71999388	1.02632830	28.339	1.312	0.860	0.027	0.039	0.006
98	0.71993475	1.02498139	28.332	1.319	0.860	0.027	0.039	0.006
99	0.72002122	1.02806465	28.321	1.312	0.859	0.027	0.039	0.006
100	0.71998461	1.02829557	28.321	1.307	0.860	0.027	0.039	0.006
101	0.71993350	1.02456339	28.335	1.308	0.860	0.026	0.039	0.006
102	0.72004993	1.02405521	28.318	1.327	0.860	0.027	0.039	0.006
103	0.72000252	1.02598274	28.327	1.314	0.860	0.027	0.039	0.006
104	0.71996714	1.02684353	28.317	1.322	0.859	0.027	0.039	0.006
105	0.71993959	1.03049571	28.330	1.313	0.860	0.027	0.039	0.006
106	0.71985365	1.02780752	28.327	1.307	0.860	0.027	0.039	0.006
107	0.71991363	1.02815247	28.332	1.313	0.860	0.027	0.039	0.006
108	0.72004573	1.02469148	28.322	1.319	0.860	0.027	0.039	0.006
109	0.71995304	1.02598169	28.332	1.314	0.860	0.026	0.039	0.006
110	0.72002723	1.02438470	28.337	1.315	0.860	0.027	0.039	0.006
111	0.72003055	1.03123757	28.326	1.312	0.859	0.027	0.039	0.006
112	0.72010259	1.02789234	28.329	1.315	0.860	0.027	0.039	0.006
113	0.71998576	1.02385502	28.318	1.311	0.860	0.027	0.039	0.006
114	0.71994998	1.02582082	28.317	1.314	0.859	0.027	0.039	0.006
115	0.72009667	1.02892936	28.313	1.306	0.859	0.027	0.039	0.006
116	0.71993099	1.02754133	28.323	1.323	0.859	0.027	0.039	0.006
117	0.72000824	1.02539051	28.309	1.309	0.859	0.027	0.039	0.006
118	0.71996991	1.02684886	28.317	1.317	0.859	0.027	0.039	0.006
119	0.71993727	1.02785268	28.308	1.324	0.859	0.027	0.039	0.006
120	0.71996348	1.02596617	28.317	1.323	0.859	0.027	0.039	0.006
121	0.71994385	1.02431510	28.307	1.318	0.859	0.027	0.039	0.006
122	0.71980784	1.02689379	28.311	1.313	0.859	0.027	0.039	0.006
123	0.71987935	1.02869689	28.311	1.326	0.859	0.027	0.039	0.006
124	0.71987418	1.02957589	28.308	1.308	0.859	0.027	0.039	0.006
125	0.71991937	1.02502432	28.311	1.312	0.859	0.026	0.039	0.006
126	0.72000377	1.02800362	28.314	1.320	0.859	0.027	0.039	0.006
127	0.71987459	1.02858727	28.312	1.313	0.859	0.027	0.039	0.006
128	0.71985472	1.02723080	28.311	1.317	0.859	0.027	0.039	0.006
129	0.71988897	1.02806366	28.322	1.324	0.859	0.027	0.039	0.006
130	0.71982899	1.02361378	28.312	1.319	0.859	0.027	0.039	0.006
131	0.71989207	1.02685232	28.303	1.326	0.859	0.027	0.039	0.006
132	0.71991609	1.02543771	28.307	1.317	0.859	0.027	0.039	0.006
133	0.71996215	1.02881525	28.298	1.317	0.859	0.027	0.039	0.006
134	0.72003324	1.02698450	28.308	1.322	0.859	0.027	0.039	0.006
135	0.72003293	1.02753609	28.308	1.309	0.859	0.027	0.039	0.006
136	0.72000873	1.03011529	28.306	1.313	0.859	0.027	0.039	0.006
137	0.71987798	1.02713354	28.307	1.315	0.859	0.027	0.039	0.006
138	0.71999058	1.03055674	28.303	1.321	0.859	0.027	0.039	0.006
139	0.71998768	1.02989091	28.300	1.323	0.859	0.027	0.039	0.006
140	0.71990162	1.02671655	28.300	1.323	0.859	0.027	0.039	0.006
141	0.71982144	1.02651574	28.310	1.317	0.859	0.027	0.039	0.006
142	0.71986338	1.02639464	28.302	1.316	0.859	0.027	0.039	0.006
143	0.71986852	1.02703128	28.311	1.319	0.859	0.027	0.039	0.006
144	0.71991392	1.02673911	28.318	1.329	0.859	0.027	0.039	0.006
145	0.71981351	1.02715324	28.296	1.317	0.859	0.027	0.039	0.006
146	0.71995463	1.02758981	28.308	1.317	0.859	0.027	0.039	0.006
147	0.71989646	1.02834252	28.310	1.314	0.859	0.027	0.039	0.006
148	0.71997029	1.02674378	28.301	1.328	0.859	0.027	0.039	0.006
149	0.71986383	1.02750201	28.305	1.326	0.859	0.027	0.039	0.006
150	0.71994854	1.02648120	28.305	1.323	0.859	0.027	0.039	0.006
