Epoch	TrainLoss	ValidLoss	PSNR	PSNR_std	SSIM	SSIM_std	NRMSE	NRMSE_std
1	0.16399532	0.09371212	33.242	1.603	0.950	0.016	0.022	0.004
2	0.14972875	0.09083930	33.946	1.809	0.954	0.017	0.021	0.004
3	0.14758834	0.08758389	34.070	1.894	0.955	0.018	0.020	0.005
4	0.14337574	0.09682173	34.054	1.757	0.954	0.017	0.020	0.004
5	0.13924305	0.08633931	34.161	2.001	0.955	0.019	0.020	0.005
6	0.13655758	0.08883361	34.020	1.881	0.955	0.019	0.020	0.005
7	0.13399778	0.07866497	34.358	1.768	0.956	0.017	0.020	0.004
8	0.13169642	0.07884618	34.301	1.746	0.956	0.017	0.020	0.004
9	0.13037873	0.07882388	34.417	1.808	0.957	0.017	0.019	0.004
10	0.12925031	0.07715326	34.449	1.804	0.957	0.017	0.019	0.004
11	0.12829472	0.08355868	34.373	1.856	0.956	0.017	0.020	0.005
12	0.12947510	0.07955425	34.432	1.819	0.957	0.017	0.019	0.004
13	0.12684248	0.07725798	34.447	1.855	0.957	0.017	0.019	0.004
14	0.12566920	0.08154128	34.442	1.864	0.956	0.018	0.019	0.004
15	0.12553746	0.07669681	34.358	1.839	0.957	0.017	0.020	0.004
16	0.12502153	0.08239968	34.437	1.810	0.957	0.017	0.019	0.004
17	0.12299786	0.07640961	34.581	1.870	0.957	0.017	0.019	0.004
18	0.12409871	0.07811683	34.540	1.868	0.957	0.017	0.019	0.004
19	0.12330376	0.07513897	34.517	1.828	0.957	0.017	0.019	0.004
20	0.12246478	0.07927145	34.515	1.882	0.957	0.018	0.019	0.004
21	0.12112290	0.07545623	34.588	1.870	0.957	0.017	0.019	0.004
22	0.12046839	0.08022164	34.525	1.933	0.956	0.019	0.019	0.005
23	0.12106607	0.07586389	34.493	1.908	0.956	0.018	0.019	0.004
24	0.12007821	0.07687501	34.603	1.877	0.957	0.017	0.019	0.004
25	0.12066457	0.07594495	34.530	1.885	0.957	0.018	0.019	0.004
26	0.11944640	0.08587496	34.603	1.866	0.958	0.017	0.019	0.004
27	0.11962001	0.07567719	34.596	1.911	0.957	0.018	0.019	0.004
28	0.11912351	0.07520493	34.630	1.817	0.958	0.017	0.019	0.004
29	0.11974225	0.07613240	34.552	1.872	0.957	0.018	0.019	0.004
30	0.11599691	0.07683471	34.570	1.883	0.957	0.018	0.019	0.004
31	0.11846239	0.07574464	34.646	1.908	0.958	0.018	0.019	0.004
32	0.11944062	0.07462562	34.661	1.893	0.958	0.018	0.019	0.004
33	0.11851222	0.07934165	34.627	1.915	0.958	0.017	0.019	0.004
34	0.11735438	0.07460765	34.691	1.830	0.958	0.017	0.019	0.004
35	0.11818620	0.07424026	34.684	1.895	0.958	0.017	0.019	0.004
36	0.11680386	0.07661779	34.677	1.900	0.958	0.017	0.019	0.004
37	0.11647684	0.07406952	34.644	1.865	0.957	0.017	0.019	0.004
38	0.11705332	0.07715438	34.692	1.832	0.958	0.017	0.019	0.004
39	0.11751240	0.07493757	34.682	1.890	0.958	0.018	0.019	0.004
40	0.11553473	0.07514699	34.694	1.854	0.958	0.017	0.019	0.004
41	0.11523256	0.07614803	34.683	1.845	0.958	0.017	0.019	0.004
42	0.11581691	0.07527470	34.699	1.914	0.958	0.017	0.019	0.004
43	0.11436121	0.07457385	34.699	1.884	0.958	0.017	0.019	0.004
44	0.11626194	0.07400431	34.698	1.932	0.958	0.018	0.019	0.004
45	0.11593211	0.07469256	34.702	1.885	0.958	0.017	0.019	0.004
46	0.11367340	0.07450189	34.685	1.891	0.958	0.017	0.019	0.004
47	0.11355507	0.07553212	34.654	1.938	0.958	0.018	0.019	0.004
48	0.11481933	0.07369473	34.622	1.899	0.957	0.018	0.019	0.004
49	0.11421877	0.07394820	34.682	1.897	0.958	0.017	0.019	0.004
50	0.11460997	0.07495442	34.703	1.894	0.958	0.017	0.019	0.004
51	0.11547726	0.07722676	34.714	1.870	0.958	0.017	0.019	0.004
52	0.11377721	0.07638178	34.693	1.926	0.958	0.017	0.019	0.004
53	0.11347406	0.07659104	34.702	1.924	0.958	0.018	0.019	0.004
54	0.11503921	0.07577615	34.733	1.897	0.958	0.017	0.019	0.004
55	0.11361402	0.07560981	34.715	1.924	0.958	0.018	0.019	0.004
56	0.11397365	0.07325806	34.756	1.885	0.958	0.017	0.019	0.004
57	0.11334682	0.07316078	34.760	1.860	0.958	0.017	0.019	0.004
58	0.11440460	0.07376383	34.735	1.869	0.958	0.017	0.019	0.004
59	0.11504868	0.07404290	34.722	1.914	0.958	0.017	0.019	0.004
60	0.11395492	0.07332981	34.756	1.898	0.958	0.017	0.019	0.004
61	0.11361327	0.07456206	34.729	1.897	0.958	0.017	0.019	0.004
62	0.11282852	0.07399388	34.763	1.894	0.959	0.017	0.019	0.004
63	0.11280671	0.07343103	34.759	1.868	0.958	0.017	0.019	0.004
64	0.11358673	0.07316437	34.781	1.886	0.958	0.017	0.019	0.004
65	0.11458396	0.07304852	34.762	1.872	0.958	0.017	0.019	0.004
66	0.11249131	0.07464639	34.732	1.899	0.958	0.017	0.019	0.004
67	0.11208308	0.07548584	34.724	1.921	0.958	0.017	0.019	0.004
68	0.11169275	0.07293191	34.762	1.906	0.958	0.017	0.019	0.004
69	0.11286846	0.07323561	34.750	1.871	0.958	0.017	0.019	0.004
70	0.11389536	0.07262558	34.738	1.842	0.958	0.016	0.019	0.004
71	0.11365198	0.07253428	34.768	1.906	0.958	0.017	0.019	0.004
72	0.11048573	0.07708450	34.750	1.918	0.958	0.017	0.019	0.004
73	0.11378408	0.07378340	34.748	1.903	0.958	0.017	0.019	0.004
74	0.11176200	0.07323927	34.769	1.894	0.958	0.017	0.019	0.004
75	0.11057892	0.07266787	34.792	1.889	0.959	0.017	0.019	0.004
76	0.11139925	0.07321483	34.780	1.913	0.958	0.017	0.019	0.004
77	0.11180100	0.07308738	34.775	1.906	0.958	0.017	0.019	0.004
78	0.11175766	0.07400383	34.786	1.902	0.959	0.017	0.019	0.004
79	0.11194300	0.07406815	34.752	1.923	0.958	0.017	0.019	0.004
80	0.11079643	0.07405909	34.768	1.929	0.958	0.017	0.019	0.004
81	0.11293514	0.07511351	34.770	1.905	0.958	0.017	0.019	0.004
82	0.11205703	0.07407962	34.789	1.899	0.959	0.017	0.019	0.004
83	0.11111798	0.07340531	34.791	1.883	0.959	0.017	0.019	0.004
84	0.11131273	0.07425649	34.792	1.894	0.959	0.017	0.019	0.004
85	0.11092647	0.07366448	34.796	1.882	0.959	0.017	0.019	0.004
86	0.11154424	0.07400407	34.783	1.920	0.958	0.017	0.019	0.004
87	0.11047490	0.07340052	34.784	1.913	0.958	0.017	0.019	0.004
88	0.11173550	0.07464743	34.778	1.904	0.958	0.017	0.019	0.004
89	0.11255507	0.07330413	34.791	1.910	0.959	0.017	0.019	0.004
90	0.11237862	0.07360501	34.762	1.907	0.958	0.017	0.019	0.004
91	0.10974218	0.07348958	34.779	1.903	0.958	0.017	0.019	0.004
92	0.11297976	0.07434210	34.794	1.919	0.958	0.017	0.019	0.004
93	0.11192249	0.07323967	34.793	1.903	0.959	0.017	0.019	0.004
94	0.11190606	0.07399525	34.776	1.918	0.958	0.017	0.019	0.004
95	0.11161636	0.07409582	34.770	1.925	0.958	0.017	0.019	0.004
96	0.11067660	0.07333498	34.803	1.913	0.959	0.017	0.019	0.004
97	0.11116451	0.07395185	34.804	1.911	0.959	0.017	0.019	0.004
98	0.11060016	0.07401469	34.792	1.932	0.958	0.017	0.019	0.004
99	0.11183031	0.07460238	34.790	1.914	0.959	0.017	0.019	0.004
100	0.11072484	0.07334854	34.788	1.916	0.958	0.017	0.019	0.004
101	0.11103369	0.07479652	34.794	1.909	0.958	0.017	0.019	0.004
102	0.11000716	0.07379297	34.791	1.916	0.959	0.017	0.019	0.004
103	0.11092382	0.07325869	34.803	1.896	0.959	0.017	0.019	0.004
104	0.11101021	0.07316755	34.766	1.917	0.958	0.017	0.019	0.004
105	0.11112958	0.07505071	34.781	1.923	0.958	0.017	0.019	0.004
106	0.11133552	0.07356636	34.788	1.918	0.958	0.017	0.019	0.004
107	0.10901272	0.07387274	34.798	1.905	0.959	0.017	0.019	0.004
108	0.11058624	0.07368686	34.797	1.915	0.959	0.017	0.019	0.004
109	0.10957886	0.07311668	34.793	1.918	0.959	0.017	0.019	0.004
110	0.11080968	0.07383034	34.799	1.917	0.959	0.017	0.019	0.004
111	0.11136685	0.07480351	34.785	1.925	0.958	0.017	0.019	0.004
112	0.11082947	0.07317482	34.789	1.914	0.959	0.017	0.019	0.004
113	0.10949220	0.07326029	34.806	1.905	0.959	0.017	0.019	0.004
114	0.10913620	0.07423499	34.788	1.926	0.959	0.017	0.019	0.004
115	0.11142510	0.07401814	34.795	1.919	0.959	0.017	0.019	0.004
116	0.11033574	0.07311625	34.784	1.912	0.958	0.017	0.019	0.004
117	0.11054144	0.07626456	34.782	1.935	0.958	0.017	0.019	0.004
118	0.11104627	0.07420890	34.789	1.921	0.958	0.017	0.019	0.004
119	0.11048990	0.07390041	34.811	1.900	0.959	0.017	0.019	0.004
120	0.10997603	0.07403918	34.801	1.901	0.959	0.017	0.019	0.004
121	0.11131163	0.07418072	34.803	1.913	0.959	0.017	0.019	0.004
122	0.11071612	0.07437787	34.798	1.923	0.959	0.017	0.019	0.004
123	0.11048517	0.07370128	34.787	1.921	0.959	0.017	0.019	0.004
124	0.11105435	0.07433966	34.787	1.925	0.959	0.017	0.019	0.004
125	0.11094281	0.07302520	34.801	1.910	0.959	0.017	0.019	0.004
126	0.11003578	0.07375479	34.802	1.918	0.959	0.017	0.019	0.004
127	0.10976845	0.07418140	34.789	1.921	0.958	0.017	0.019	0.004
128	0.11069002	0.07373360	34.793	1.922	0.959	0.017	0.019	0.004
129	0.10962890	0.07418258	34.807	1.917	0.959	0.017	0.019	0.004
130	0.10888321	0.07519638	34.776	1.935	0.958	0.017	0.019	0.004
131	0.11152151	0.07459943	34.794	1.919	0.959	0.017	0.019	0.004
132	0.11141341	0.07450550	34.801	1.916	0.959	0.017	0.019	0.004
133	0.10937762	0.07484253	34.791	1.930	0.958	0.017	0.019	0.004
134	0.10949138	0.07351989	34.808	1.910	0.959	0.017	0.019	0.004
135	0.10905683	0.07353450	34.812	1.912	0.959	0.017	0.019	0.004
136	0.10976154	0.07437812	34.806	1.919	0.959	0.017	0.019	0.004
137	0.11095033	0.07367029	34.810	1.906	0.959	0.017	0.019	0.004
138	0.11142726	0.07366016	34.805	1.910	0.959	0.017	0.019	0.004
139	0.11026451	0.07422505	34.793	1.920	0.959	0.017	0.019	0.004
140	0.11029275	0.07372015	34.806	1.918	0.959	0.017	0.019	0.004
141	0.10950312	0.07379452	34.811	1.912	0.959	0.017	0.019	0.004
142	0.11032710	0.07415416	34.794	1.930	0.959	0.017	0.019	0.004
143	0.11005552	0.07415339	34.807	1.918	0.959	0.017	0.019	0.004
144	0.10922752	0.07380166	34.809	1.914	0.959	0.017	0.019	0.004
145	0.11090848	0.07497397	34.806	1.925	0.959	0.017	0.019	0.004
146	0.11004490	0.07432112	34.798	1.922	0.959	0.017	0.019	0.004
147	0.11108900	0.07434901	34.794	1.927	0.959	0.017	0.019	0.004
148	0.11136060	0.07463538	34.803	1.908	0.959	0.017	0.019	0.004
149	0.11066015	0.07393387	34.810	1.915	0.959	0.017	0.019	0.004
150	0.11067890	0.07452747	34.800	1.914	0.959	0.017	0.019	0.004
