Epoch	TrainLoss	ValidLoss	PSNR	PSNR_std	SSIM	SSIM_std	NRMSE	NRMSE_std
1	0.82372203	0.39406304	18.235	1.041	0.647	0.017	0.123	0.014
2	0.61688116	0.29413237	20.538	1.344	0.691	0.046	0.095	0.014
3	0.57816008	0.27976447	24.347	1.622	0.805	0.035	0.062	0.011
4	0.56638523	0.23905880	24.881	1.559	0.827	0.031	0.058	0.010
5	0.56063271	0.21432013	25.550	1.632	0.841	0.032	0.054	0.009
6	0.55966329	0.19739922	25.752	1.539	0.854	0.028	0.052	0.009
7	0.55682419	0.18720179	26.265	1.509	0.870	0.024	0.049	0.008
8	0.55304633	0.17149980	26.251	1.388	0.887	0.018	0.049	0.008
9	0.55239879	0.18196796	27.069	1.957	0.900	0.022	0.045	0.010
10	0.54952084	0.16896347	26.320	1.055	0.898	0.013	0.049	0.006
11	0.54872630	0.17366959	26.392	1.350	0.918	0.013	0.049	0.008
12	0.54799693	0.16178949	26.511	1.401	0.917	0.017	0.048	0.008
13	0.54532316	0.14877046	27.449	1.435	0.931	0.013	0.043	0.007
14	0.54117283	0.15104689	27.585	1.759	0.919	0.022	0.043	0.009
15	0.54659438	0.17619238	27.347	1.532	0.928	0.020	0.044	0.008
16	0.54816588	0.12952846	28.040	1.505	0.933	0.015	0.040	0.007
17	0.54545088	0.16059099	26.260	1.858	0.914	0.026	0.050	0.010
18	0.54512300	0.15502405	27.651	1.565	0.927	0.023	0.042	0.008
19	0.54132113	0.15532391	26.092	1.919	0.921	0.025	0.051	0.011
20	0.53787180	0.13804136	26.918	2.226	0.933	0.024	0.047	0.012
21	0.53851142	0.13573963	26.621	2.436	0.932	0.029	0.048	0.013
22	0.53608407	0.14429979	26.514	2.299	0.935	0.029	0.049	0.013
23	0.53691799	0.13961393	27.451	2.264	0.939	0.022	0.044	0.011
24	0.53738074	0.15568842	26.743	2.210	0.928	0.024	0.047	0.012
25	0.53622788	0.14948179	26.001	2.314	0.924	0.033	0.052	0.013
26	0.53652920	0.14276196	26.070	2.404	0.927	0.030	0.052	0.014
27	0.53687412	0.14128095	26.256	2.624	0.928	0.034	0.051	0.015
28	0.53576832	0.14943913	25.651	2.583	0.917	0.039	0.054	0.016
29	0.53631030	0.12784355	27.007	2.555	0.935	0.028	0.047	0.014
30	0.53488045	0.12314700	26.472	2.596	0.929	0.030	0.050	0.014
31	0.53726172	0.12898569	26.670	2.801	0.931	0.034	0.049	0.015
32	0.53530044	0.13189655	26.289	2.371	0.928	0.032	0.050	0.013
33	0.53601027	0.13497901	26.463	2.807	0.928	0.036	0.050	0.016
34	0.53589332	0.12047084	27.096	2.786	0.934	0.029	0.046	0.015
35	0.53685190	0.14748106	25.237	3.321	0.905	0.054	0.059	0.021
36	0.53766574	0.12968362	26.839	2.499	0.936	0.030	0.047	0.013
37	0.53600901	0.13397342	26.198	2.738	0.921	0.037	0.051	0.016
38	0.53499338	0.12923487	26.815	2.862	0.934	0.033	0.048	0.015
39	0.53365458	0.12392232	27.055	2.547	0.930	0.027	0.046	0.013
40	0.53406861	0.14746451	25.146	2.950	0.907	0.051	0.058	0.019
41	0.53636467	0.13504089	27.305	2.807	0.936	0.034	0.045	0.014
42	0.53208816	0.13840730	26.432	3.117	0.923	0.042	0.051	0.018
43	0.53556930	0.13794858	26.286	2.787	0.928	0.039	0.051	0.016
44	0.53512822	0.12983235	26.172	2.905	0.922	0.037	0.052	0.017
45	0.53438079	0.11274906	27.556	2.917	0.938	0.029	0.044	0.015
46	0.53400640	0.11146658	26.651	3.039	0.930	0.035	0.049	0.017
47	0.53578165	0.13900235	26.290	2.784	0.926	0.032	0.051	0.015
48	0.53402586	0.12994876	26.271	3.102	0.923	0.040	0.052	0.017
49	0.53284101	0.12198305	26.860	2.825	0.936	0.030	0.048	0.015
50	0.53524247	0.11080308	27.087	2.956	0.935	0.031	0.047	0.015
51	0.53237711	0.12651129	26.641	3.039	0.928	0.036	0.049	0.017
52	0.53523465	0.13522383	26.074	2.730	0.925	0.037	0.052	0.015
53	0.53353742	0.12515602	26.368	3.069	0.924	0.039	0.051	0.017
54	0.53147125	0.12158776	28.292	2.479	0.946	0.019	0.040	0.011
55	0.53467356	0.13501500	26.150	2.931	0.922	0.038	0.052	0.017
56	0.53146586	0.13184250	25.792	3.070	0.919	0.044	0.054	0.018
57	0.53259592	0.12018663	27.345	3.019	0.935	0.031	0.046	0.015
58	0.53251723	0.12457057	26.266	3.099	0.926	0.040	0.052	0.017
59	0.53177186	0.13960947	25.786	3.456	0.914	0.051	0.055	0.020
60	0.53210763	0.12450582	26.729	2.935	0.932	0.036	0.049	0.016
61	0.53251873	0.11781022	27.249	3.024	0.938	0.031	0.046	0.015
62	0.53419451	0.12220149	26.572	3.092	0.927	0.034	0.050	0.017
63	0.53142521	0.13073301	26.075	2.942	0.922	0.038	0.053	0.017
64	0.53080963	0.13312340	26.625	2.951	0.927	0.034	0.049	0.016
65	0.53046646	0.11623083	27.607	3.124	0.938	0.030	0.044	0.016
66	0.53439514	0.12266522	26.567	3.127	0.929	0.038	0.050	0.017
67	0.53174987	0.13204434	26.033	3.327	0.923	0.043	0.054	0.019
68	0.53389387	0.12600731	26.415	3.262	0.927	0.037	0.051	0.018
69	0.53308104	0.11852299	26.657	3.023	0.934	0.032	0.049	0.016
70	0.53280167	0.12698766	26.875	3.146	0.930	0.030	0.048	0.017
71	0.53108082	0.10545400	27.479	3.269	0.940	0.030	0.045	0.016
72	0.53273712	0.14135858	26.165	3.356	0.924	0.042	0.053	0.019
73	0.53306997	0.11968896	26.775	2.767	0.938	0.029	0.048	0.015
74	0.53300997	0.12131712	26.440	3.101	0.930	0.034	0.051	0.017
75	0.53358256	0.12353817	26.490	3.281	0.928	0.037	0.051	0.018
76	0.53398566	0.12540022	26.493	3.524	0.924	0.044	0.051	0.019
77	0.53292895	0.12761186	26.313	3.270	0.927	0.040	0.052	0.018
78	0.53170114	0.12351528	26.358	3.082	0.927	0.038	0.051	0.017
79	0.53099121	0.14637384	25.207	3.461	0.906	0.053	0.059	0.021
80	0.53197088	0.11759654	26.876	3.362	0.931	0.038	0.049	0.018
81	0.53004776	0.12155875	26.508	3.228	0.928	0.040	0.051	0.018
82	0.53294312	0.13450670	26.107	3.232	0.924	0.042	0.053	0.018
83	0.53192846	0.13424099	26.232	3.307	0.923	0.041	0.052	0.019
84	0.53104130	0.12014220	26.755	3.352	0.927	0.039	0.049	0.018
85	0.53373865	0.12945436	25.966	3.507	0.918	0.047	0.054	0.020
86	0.52942371	0.12123491	26.612	3.297	0.928	0.039	0.050	0.018
87	0.53053933	0.11937400	26.678	3.339	0.929	0.039	0.050	0.018
88	0.53154121	0.12283368	26.781	3.543	0.929	0.041	0.050	0.019
89	0.53146772	0.11693943	26.864	3.197	0.933	0.035	0.048	0.017
90	0.53135458	0.12101563	26.304	3.212	0.927	0.039	0.052	0.018
91	0.52798667	0.13643526	25.714	3.489	0.916	0.048	0.056	0.020
92	0.53112423	0.12852497	26.378	3.426	0.923	0.042	0.052	0.019
93	0.53331728	0.11813143	27.285	3.130	0.937	0.032	0.046	0.016
94	0.53074567	0.12697995	26.402	3.249	0.926	0.040	0.051	0.018
95	0.53201020	0.12965155	26.117	3.260	0.922	0.042	0.053	0.018
96	0.53389568	0.11345387	27.158	3.281	0.936	0.033	0.047	0.017
97	0.53107591	0.12432248	26.165	3.445	0.923	0.043	0.053	0.019
98	0.52928208	0.11354305	27.147	3.523	0.933	0.037	0.048	0.018
99	0.53243984	0.12018256	26.604	3.472	0.929	0.039	0.050	0.019
100	0.53045022	0.11778395	26.721	3.363	0.931	0.037	0.050	0.018
101	0.53154670	0.12323213	26.757	3.316	0.932	0.035	0.049	0.018
102	0.52881257	0.12797825	26.537	3.381	0.929	0.037	0.051	0.018
103	0.53020140	0.12031915	26.569	3.491	0.929	0.039	0.051	0.019
104	0.53022955	0.12054664	26.588	3.419	0.930	0.037	0.050	0.018
105	0.53121655	0.11970608	26.486	3.431	0.928	0.039	0.051	0.019
106	0.53177648	0.11969865	26.769	3.268	0.932	0.034	0.049	0.017
107	0.52971362	0.12636609	26.340	3.369	0.925	0.039	0.052	0.018
108	0.53113676	0.12366387	26.804	3.395	0.930	0.036	0.049	0.018
109	0.53295430	0.12094066	26.461	3.389	0.926	0.040	0.051	0.019
110	0.52985530	0.11884390	26.643	3.247	0.931	0.036	0.050	0.017
111	0.53072775	0.12580410	26.383	3.382	0.926	0.040	0.052	0.018
112	0.53084637	0.12423485	26.623	3.451	0.927	0.040	0.050	0.018
113	0.53030763	0.12319223	26.331	3.536	0.923	0.043	0.052	0.019
114	0.53081371	0.11857762	26.751	3.471	0.929	0.040	0.050	0.019
115	0.53069433	0.11823933	26.824	3.463	0.931	0.039	0.049	0.018
116	0.53036820	0.11980463	26.702	3.494	0.929	0.040	0.050	0.019
117	0.53054893	0.12536229	26.231	3.544	0.922	0.045	0.053	0.020
118	0.52993712	0.12326176	26.515	3.529	0.926	0.042	0.051	0.019
119	0.53082317	0.12414521	26.268	3.503	0.923	0.044	0.052	0.019
120	0.53019202	0.11714770	26.773	3.382	0.930	0.038	0.049	0.018
121	0.53323268	0.12632439	26.460	3.379	0.927	0.040	0.051	0.018
122	0.53242962	0.12548758	26.411	3.366	0.926	0.040	0.051	0.018
123	0.53297818	0.11738665	26.758	3.455	0.930	0.039	0.050	0.018
124	0.53175630	0.12604157	26.337	3.578	0.924	0.044	0.052	0.020
125	0.52887879	0.12908850	26.385	3.694	0.923	0.046	0.052	0.020
126	0.53116861	0.11729473	27.004	3.560	0.932	0.038	0.048	0.019
127	0.52818850	0.12461287	26.291	3.675	0.923	0.046	0.053	0.020
128	0.52987478	0.11635826	27.003	3.449	0.933	0.037	0.048	0.018
129	0.53047781	0.12748290	26.282	3.510	0.924	0.043	0.052	0.019
130	0.53185289	0.12132893	26.441	3.487	0.926	0.042	0.051	0.019
131	0.53172101	0.11938752	26.579	3.527	0.927	0.042	0.051	0.019
132	0.53065000	0.12177746	26.394	3.591	0.925	0.045	0.052	0.020
133	0.52956966	0.12268618	26.574	3.550	0.927	0.043	0.051	0.019
134	0.52878543	0.11771023	26.716	3.540	0.929	0.042	0.050	0.019
135	0.53171245	0.11636843	26.844	3.505	0.931	0.040	0.049	0.019
136	0.53102744	0.12648237	26.573	3.473	0.928	0.041	0.051	0.019
137	0.53213234	0.11972897	26.361	3.487	0.925	0.043	0.052	0.019
138	0.53088747	0.11946766	26.580	3.504	0.928	0.042	0.051	0.019
139	0.53061291	0.12000372	26.614	3.461	0.929	0.040	0.050	0.019
140	0.53043864	0.12348752	26.632	3.471	0.929	0.040	0.050	0.019
141	0.52497283	0.12045729	26.381	3.553	0.925	0.044	0.052	0.019
142	0.52840020	0.12498738	26.470	3.520	0.926	0.042	0.051	0.019
143	0.52736439	0.12224638	26.326	3.557	0.924	0.044	0.052	0.020
144	0.53025782	0.12412289	26.419	3.564	0.925	0.043	0.052	0.020
145	0.53103781	0.12367955	26.510	3.521	0.926	0.042	0.051	0.019
146	0.53150697	0.11688345	26.679	3.470	0.930	0.040	0.050	0.018
147	0.53257950	0.12337890	26.547	3.473	0.927	0.041	0.051	0.019
148	0.52876623	0.12237054	26.388	3.520	0.925	0.043	0.052	0.019
149	0.52984032	0.12211656	26.485	3.513	0.926	0.041	0.051	0.019
150	0.53140267	0.11934242	26.675	3.496	0.929	0.040	0.050	0.019
