Epoch	TrainLoss	ValidLoss	PSNR	PSNR_std	SSIM	SSIM_std	NRMSE	NRMSE_std
1	0.72234300	0.95272122	27.875	1.590	0.847	0.030	0.041	0.008
2	0.72073364	0.94603000	27.924	1.579	0.848	0.029	0.041	0.007
3	0.72063002	0.94050131	27.984	1.613	0.848	0.030	0.041	0.008
4	0.72052760	0.94876330	27.993	1.593	0.851	0.030	0.041	0.007
5	0.72045811	0.95122059	27.970	1.610	0.851	0.031	0.041	0.008
6	0.72036252	0.97414792	27.970	1.596	0.851	0.030	0.041	0.007
7	0.72039272	0.94978996	27.960	1.624	0.851	0.031	0.041	0.008
8	0.72026570	0.97018080	27.984	1.606	0.852	0.032	0.041	0.007
9	0.72022505	0.94048125	28.010	1.624	0.851	0.032	0.040	0.008
10	0.72009949	0.94876975	27.981	1.605	0.852	0.031	0.041	0.007
11	0.72015464	0.94441223	28.000	1.640	0.851	0.032	0.041	0.008
12	0.72015318	0.94700763	27.966	1.632	0.851	0.032	0.041	0.008
13	0.72008935	0.93631851	28.032	1.613	0.852	0.032	0.040	0.007
14	0.72001473	0.95550451	27.997	1.602	0.852	0.031	0.041	0.007
15	0.72003033	0.94563078	27.988	1.622	0.852	0.032	0.041	0.008
16	0.71999394	0.96188299	28.018	1.602	0.852	0.031	0.040	0.007
17	0.72007416	0.95419574	28.035	1.626	0.853	0.032	0.040	0.008
18	0.72005078	0.95295338	28.037	1.608	0.853	0.031	0.040	0.007
19	0.72012015	0.95044581	28.029	1.613	0.853	0.032	0.040	0.007
20	0.72001862	0.94651850	28.069	1.631	0.853	0.031	0.040	0.008
21	0.71986735	0.94972210	28.025	1.628	0.852	0.032	0.040	0.008
22	0.72000932	0.95181758	28.030	1.631	0.853	0.031	0.040	0.008
23	0.71989049	0.95353497	28.014	1.625	0.852	0.032	0.040	0.008
24	0.71993285	0.95768066	28.042	1.608	0.853	0.031	0.040	0.007
25	0.71997733	0.94995787	28.048	1.630	0.853	0.032	0.040	0.008
26	0.71992440	0.94770134	28.015	1.626	0.852	0.031	0.040	0.008
27	0.71991461	0.94805422	28.075	1.597	0.854	0.031	0.040	0.007
28	0.71995147	0.94827481	28.065	1.615	0.854	0.031	0.040	0.007
29	0.71987581	0.95386543	28.052	1.613	0.853	0.031	0.040	0.007
30	0.71981552	0.95135719	28.048	1.618	0.853	0.032	0.040	0.007
31	0.71991067	0.95108062	28.056	1.638	0.853	0.032	0.040	0.008
32	0.71980501	0.95715462	28.031	1.614	0.853	0.031	0.040	0.007
33	0.71990611	0.96116774	27.986	1.609	0.852	0.031	0.041	0.008
34	0.71993801	0.96157058	28.046	1.615	0.853	0.032	0.040	0.007
35	0.71993926	0.94827290	28.038	1.625	0.853	0.032	0.040	0.008
36	0.71983338	0.96221185	28.054	1.623	0.853	0.032	0.040	0.008
37	0.71976883	0.94799396	28.048	1.614	0.853	0.031	0.040	0.007
38	0.71980573	0.95702653	28.043	1.612	0.853	0.031	0.040	0.007
39	0.71983566	0.94876803	28.035	1.631	0.853	0.032	0.040	0.008
40	0.71976714	0.95313685	28.064	1.615	0.854	0.031	0.040	0.007
41	0.71974139	0.94959905	28.040	1.623	0.853	0.032	0.040	0.008
42	0.71974660	0.94857772	28.040	1.628	0.853	0.032	0.040	0.008
43	0.71973777	0.95324973	28.036	1.633	0.853	0.032	0.040	0.008
44	0.71984864	0.95213945	28.055	1.632	0.853	0.032	0.040	0.008
45	0.71972044	0.95678892	28.011	1.621	0.853	0.031	0.040	0.008
46	0.71978900	0.95143957	28.054	1.623	0.853	0.032	0.040	0.008
47	0.71972366	0.95838572	28.034	1.617	0.853	0.031	0.040	0.007
48	0.71976749	0.95279151	28.037	1.623	0.853	0.032	0.040	0.008
49	0.71979076	0.95740751	28.043	1.634	0.853	0.031	0.040	0.008
50	0.71968939	0.94978742	28.042	1.623	0.853	0.031	0.040	0.008
51	0.71978664	0.94939151	28.053	1.629	0.853	0.031	0.040	0.008
52	0.71959351	0.94540025	28.037	1.627	0.853	0.032	0.040	0.008
53	0.71958605	0.95102748	28.033	1.620	0.853	0.031	0.040	0.008
54	0.71964398	0.95483495	28.058	1.627	0.853	0.032	0.040	0.008
55	0.71960309	0.94791231	28.036	1.615	0.853	0.031	0.040	0.007
56	0.71967443	0.95596001	28.022	1.616	0.853	0.031	0.040	0.007
57	0.71966334	0.94916496	28.010	1.616	0.853	0.032	0.040	0.008
58	0.71965219	0.95515895	28.003	1.641	0.852	0.032	0.041	0.008
59	0.71968760	0.95102716	28.015	1.630	0.853	0.032	0.040	0.008
60	0.71952380	0.95240983	28.037	1.632	0.853	0.032	0.040	0.008
61	0.71959580	0.95662202	28.038	1.627	0.853	0.032	0.040	0.008
62	0.71956178	0.94805663	28.048	1.631	0.853	0.032	0.040	0.008
63	0.71957577	0.95419815	28.029	1.637	0.853	0.032	0.040	0.008
64	0.71945123	0.95385230	28.033	1.634	0.853	0.031	0.040	0.008
65	0.71955428	0.94613438	28.027	1.633	0.853	0.032	0.040	0.008
66	0.71962440	0.95369871	27.987	1.632	0.852	0.032	0.041	0.008
67	0.71949323	0.95112227	28.002	1.628	0.853	0.031	0.041	0.008
68	0.71965267	0.95604010	28.014	1.632	0.853	0.032	0.040	0.008
69	0.71952454	0.95119086	28.049	1.639	0.853	0.032	0.040	0.008
70	0.71951525	0.95434147	28.003	1.621	0.853	0.032	0.040	0.008
71	0.71944519	0.95633622	28.037	1.641	0.853	0.032	0.040	0.008
72	0.71943167	0.95651871	28.004	1.637	0.853	0.032	0.040	0.008
73	0.71961345	0.94943503	28.014	1.635	0.853	0.032	0.040	0.008
74	0.71956287	0.95616547	28.026	1.641	0.853	0.032	0.040	0.008
75	0.71955927	0.95057623	28.022	1.635	0.853	0.032	0.040	0.008
76	0.71949206	0.95588352	28.020	1.643	0.853	0.032	0.040	0.008
77	0.71942925	0.95189576	28.015	1.634	0.853	0.032	0.040	0.008
78	0.71945479	0.95189022	28.013	1.632	0.853	0.032	0.040	0.008
79	0.71944188	0.95317008	28.029	1.630	0.853	0.032	0.040	0.008
80	0.71957264	0.95160128	28.013	1.633	0.853	0.032	0.040	0.008
81	0.71944342	0.95008904	28.021	1.629	0.853	0.032	0.040	0.008
82	0.71955816	0.95674797	28.024	1.629	0.853	0.031	0.040	0.008
83	0.71949563	0.94689806	28.017	1.638	0.853	0.032	0.040	0.008
84	0.71938243	0.95516803	28.001	1.636	0.853	0.032	0.041	0.008
85	0.71945420	0.95036454	28.028	1.637	0.853	0.032	0.040	0.008
86	0.71948967	0.95218423	28.010	1.646	0.853	0.032	0.040	0.008
87	0.71950988	0.95583249	27.993	1.628	0.852	0.032	0.041	0.008
88	0.71947073	0.95661360	28.014	1.639	0.853	0.032	0.040	0.008
89	0.71940799	0.95298519	27.997	1.639	0.852	0.032	0.041	0.008
90	0.71938091	0.95740035	28.008	1.643	0.853	0.032	0.040	0.008
91	0.71939628	0.95350542	28.018	1.635	0.853	0.032	0.040	0.008
92	0.71952827	0.95447754	27.991	1.646	0.852	0.032	0.041	0.008
93	0.71953339	0.95149317	28.000	1.639	0.853	0.032	0.041	0.008
94	0.71949219	0.95491642	27.981	1.626	0.852	0.032	0.041	0.008
95	0.71938246	0.94943003	28.001	1.636	0.852	0.032	0.041	0.008
96	0.71953967	0.94902911	28.009	1.643	0.853	0.032	0.040	0.008
97	0.71941760	0.95776771	28.003	1.634	0.852	0.032	0.041	0.008
98	0.71951624	0.95264524	28.002	1.636	0.853	0.032	0.041	0.008
99	0.71944827	0.95238027	28.000	1.644	0.852	0.032	0.041	0.008
100	0.71923518	0.95325597	28.018	1.629	0.853	0.032	0.040	0.008
101	0.71939720	0.95551842	28.007	1.635	0.852	0.032	0.040	0.008
102	0.71937996	0.94881799	28.001	1.628	0.852	0.032	0.041	0.008
103	0.71940280	0.95049469	27.999	1.640	0.852	0.032	0.041	0.008
104	0.71944860	0.95436225	28.005	1.646	0.853	0.032	0.041	0.008
105	0.71931702	0.95422649	28.009	1.641	0.853	0.032	0.040	0.008
106	0.71927937	0.95384374	28.001	1.638	0.852	0.032	0.041	0.008
107	0.71943888	0.95464596	28.004	1.641	0.852	0.032	0.041	0.008
108	0.71941726	0.95293764	27.995	1.643	0.852	0.032	0.041	0.008
109	0.71934450	0.95230578	28.001	1.638	0.852	0.032	0.041	0.008
110	0.71945919	0.95136331	27.999	1.640	0.853	0.032	0.041	0.008
111	0.71938694	0.95365480	28.014	1.644	0.853	0.032	0.040	0.008
112	0.71940978	0.95191924	27.996	1.641	0.852	0.032	0.041	0.008
113	0.71929257	0.95614324	27.998	1.644	0.852	0.032	0.041	0.008
114	0.71939752	0.95277358	27.988	1.636	0.852	0.032	0.041	0.008
115	0.71930891	0.95188587	27.999	1.642	0.852	0.032	0.041	0.008
116	0.71941086	0.95232805	28.001	1.641	0.852	0.032	0.041	0.008
117	0.71928883	0.95543845	28.000	1.642	0.852	0.032	0.041	0.008
118	0.71945561	0.95347316	27.998	1.637	0.852	0.032	0.041	0.008
119	0.71944332	0.95252068	28.005	1.632	0.852	0.032	0.040	0.008
120	0.71949559	0.95014182	27.982	1.640	0.852	0.032	0.041	0.008
121	0.71929221	0.95227486	27.998	1.642	0.852	0.032	0.041	0.008
122	0.71925589	0.95353086	27.989	1.645	0.852	0.032	0.041	0.008
123	0.71950996	0.95275103	27.979	1.630	0.852	0.032	0.041	0.008
124	0.71941982	0.95318650	27.982	1.638	0.852	0.032	0.041	0.008
125	0.71935698	0.95371561	27.997	1.636	0.852	0.032	0.041	0.008
126	0.71927515	0.95163653	28.002	1.642	0.852	0.032	0.041	0.008
127	0.71925476	0.95281066	27.979	1.629	0.852	0.032	0.041	0.008
128	0.71929757	0.95143137	27.980	1.639	0.852	0.032	0.041	0.008
129	0.71934570	0.95579525	27.991	1.630	0.852	0.032	0.041	0.008
130	0.71929751	0.95237181	27.987	1.643	0.852	0.032	0.041	0.008
131	0.71926542	0.95411680	27.982	1.639	0.852	0.032	0.041	0.008
132	0.71923782	0.95217631	27.987	1.638	0.852	0.032	0.041	0.008
133	0.71925913	0.95240747	27.988	1.636	0.852	0.032	0.041	0.008
134	0.71937599	0.95430692	27.988	1.639	0.852	0.032	0.041	0.008
135	0.71936973	0.95374238	27.983	1.639	0.852	0.032	0.041	0.008
136	0.71936336	0.95287845	27.991	1.639	0.852	0.032	0.041	0.008
137	0.71936197	0.95231429	27.990	1.642	0.852	0.032	0.041	0.008
138	0.71928984	0.95382919	27.994	1.638	0.852	0.032	0.041	0.008
139	0.71933780	0.95094774	27.977	1.642	0.852	0.032	0.041	0.008
140	0.71930865	0.95030916	27.992	1.648	0.852	0.032	0.041	0.008
141	0.71938352	0.95252882	27.987	1.637	0.852	0.032	0.041	0.008
142	0.71947535	0.95436665	27.978	1.640	0.852	0.032	0.041	0.008
143	0.71937406	0.95249770	27.992	1.649	0.852	0.032	0.041	0.008
144	0.71942288	0.95325220	27.980	1.646	0.852	0.032	0.041	0.008
145	0.71936828	0.95298661	27.995	1.645	0.852	0.032	0.041	0.008
146	0.71933267	0.95339455	27.979	1.636	0.852	0.032	0.041	0.008
147	0.71934346	0.95253353	27.978	1.645	0.852	0.032	0.041	0.008
148	0.71931614	0.95320744	27.985	1.639	0.852	0.032	0.041	0.008
149	0.71948605	0.95102627	27.981	1.642	0.852	0.032	0.041	0.008
150	0.71920723	0.95211922	27.989	1.636	0.852	0.032	0.041	0.008
