Epoch	TrainLoss	ValidLoss	PSNR	PSNR_std	SSIM	SSIM_std	NRMSE	NRMSE_std
1	0.19085771	0.20079297	29.101	3.457	0.872	0.070	0.038	0.014
2	0.17816556	0.19963199	29.181	3.516	0.873	0.070	0.038	0.014
3	0.17768041	0.19885253	29.239	3.526	0.874	0.069	0.037	0.014
4	0.17734259	0.19993531	29.150	3.540	0.871	0.071	0.038	0.014
5	0.17755476	0.19919567	29.224	3.507	0.874	0.069	0.037	0.014
6	0.17706255	0.20039170	29.107	3.539	0.870	0.071	0.038	0.015
7	0.17676066	0.19775259	29.322	3.541	0.876	0.069	0.037	0.014
8	0.17714835	0.19798431	29.289	3.530	0.876	0.069	0.037	0.014
9	0.17690383	0.20150229	29.072	3.548	0.870	0.072	0.038	0.015
10	0.17672278	0.20304260	29.062	3.519	0.870	0.071	0.038	0.015
11	0.17658527	0.19937921	29.216	3.451	0.876	0.068	0.037	0.014
12	0.17665985	0.20067711	29.176	3.516	0.874	0.071	0.038	0.014
13	0.17646832	0.20068508	29.148	3.495	0.874	0.070	0.038	0.014
14	0.17674198	0.19976090	29.179	3.456	0.875	0.069	0.037	0.014
15	0.17668982	0.20239481	28.991	3.441	0.870	0.069	0.038	0.014
16	0.17631550	0.20105162	29.124	3.491	0.873	0.070	0.038	0.014
17	0.17648949	0.20121607	29.084	3.513	0.872	0.071	0.038	0.015
18	0.17646254	0.20087653	29.115	3.519	0.872	0.070	0.038	0.014
19	0.17647765	0.20253400	28.967	3.454	0.870	0.070	0.038	0.014
20	0.17635167	0.20200863	29.043	3.520	0.870	0.071	0.038	0.015
21	0.17625725	0.20227805	29.009	3.463	0.871	0.070	0.038	0.014
22	0.17605754	0.19875360	29.232	3.529	0.874	0.070	0.037	0.014
23	0.17613524	0.20239483	29.021	3.518	0.870	0.071	0.038	0.015
24	0.17627726	0.20186839	29.021	3.485	0.871	0.069	0.038	0.014
25	0.17614713	0.19961037	29.206	3.443	0.876	0.068	0.037	0.014
26	0.17626246	0.20268060	28.971	3.491	0.869	0.070	0.038	0.015
27	0.17590858	0.20171724	29.045	3.485	0.872	0.069	0.038	0.014
28	0.17619959	0.20053570	29.129	3.485	0.874	0.069	0.038	0.014
29	0.17596511	0.20275801	28.963	3.486	0.868	0.071	0.038	0.014
30	0.17608770	0.20185589	29.042	3.488	0.871	0.070	0.038	0.014
31	0.17602600	0.20241460	29.005	3.468	0.871	0.069	0.038	0.014
32	0.17598057	0.20172206	29.040	3.477	0.871	0.070	0.038	0.014
33	0.17606127	0.20168980	29.050	3.445	0.873	0.069	0.038	0.014
34	0.17599665	0.20163355	29.071	3.490	0.873	0.069	0.038	0.014
35	0.17569152	0.20323484	28.933	3.469	0.869	0.070	0.039	0.014
36	0.17617283	0.20243437	28.993	3.456	0.872	0.069	0.038	0.014
37	0.17571612	0.20287297	28.986	3.466	0.871	0.069	0.038	0.014
38	0.17609402	0.20151305	29.057	3.465	0.873	0.069	0.038	0.014
39	0.17570559	0.20249307	28.966	3.451	0.871	0.069	0.038	0.014
40	0.17569862	0.20196192	29.030	3.485	0.871	0.070	0.038	0.014
41	0.17593897	0.20206640	29.020	3.477	0.871	0.070	0.038	0.014
42	0.17603589	0.20250542	28.996	3.495	0.869	0.071	0.038	0.014
43	0.17602646	0.20368976	28.881	3.457	0.868	0.070	0.039	0.014
44	0.17590444	0.20242759	29.020	3.480	0.871	0.070	0.038	0.014
45	0.17582213	0.20258600	28.995	3.485	0.871	0.070	0.038	0.014
46	0.17565636	0.20178929	29.035	3.473	0.872	0.069	0.038	0.014
47	0.17587969	0.20233494	29.000	3.471	0.871	0.069	0.038	0.014
48	0.17594042	0.20088333	29.095	3.469	0.874	0.068	0.038	0.014
49	0.17587968	0.20116607	29.097	3.453	0.874	0.068	0.038	0.014
50	0.17603776	0.20168267	29.058	3.480	0.871	0.070	0.038	0.014
51	0.17571124	0.20269297	28.981	3.485	0.870	0.070	0.038	0.014
52	0.17564055	0.20179110	29.040	3.460	0.872	0.069	0.038	0.014
53	0.17606876	0.20187681	29.031	3.456	0.872	0.069	0.038	0.014
54	0.17588655	0.20100273	29.078	3.418	0.873	0.068	0.038	0.014
55	0.17581864	0.20173290	29.033	3.478	0.871	0.070	0.038	0.014
56	0.17573441	0.20223784	29.008	3.460	0.872	0.069	0.038	0.014
57	0.17588841	0.20139174	29.065	3.449	0.872	0.069	0.038	0.014
58	0.17578967	0.20201802	29.030	3.474	0.870	0.070	0.038	0.014
59	0.17568783	0.20067489	29.143	3.491	0.873	0.069	0.038	0.014
60	0.17575589	0.20184423	29.053	3.515	0.871	0.070	0.038	0.014
61	0.17589284	0.20129962	29.076	3.458	0.872	0.069	0.038	0.014
62	0.17559486	0.20129777	29.082	3.483	0.872	0.070	0.038	0.014
63	0.17558423	0.20189200	29.034	3.484	0.871	0.069	0.038	0.014
64	0.17577198	0.20019847	29.149	3.490	0.873	0.069	0.038	0.014
65	0.17572628	0.20105550	29.109	3.480	0.873	0.069	0.038	0.014
66	0.17576056	0.20138444	29.069	3.492	0.871	0.070	0.038	0.014
67	0.17594936	0.20121384	29.081	3.470	0.872	0.069	0.038	0.014
68	0.17576270	0.20140852	29.061	3.471	0.872	0.070	0.038	0.014
69	0.17564783	0.20152305	29.071	3.477	0.872	0.069	0.038	0.014
70	0.17585223	0.20244430	28.995	3.488	0.871	0.069	0.038	0.014
71	0.17575334	0.20009147	29.165	3.477	0.874	0.069	0.038	0.014
72	0.17579763	0.20180448	29.040	3.449	0.872	0.069	0.038	0.014
73	0.17565951	0.20065488	29.131	3.476	0.873	0.069	0.038	0.014
74	0.17609889	0.20216292	29.014	3.461	0.871	0.069	0.038	0.014
75	0.17582260	0.20212132	29.013	3.455	0.871	0.069	0.038	0.014
76	0.17583310	0.20079478	29.109	3.449	0.874	0.068	0.038	0.014
77	0.17569738	0.20232050	28.998	3.461	0.870	0.070	0.038	0.014
78	0.17574757	0.20153754	29.057	3.468	0.872	0.069	0.038	0.014
79	0.17572090	0.20232880	29.003	3.485	0.871	0.070	0.038	0.014
80	0.17585435	0.20181160	29.023	3.440	0.872	0.068	0.038	0.014
81	0.17569383	0.20104740	29.096	3.475	0.873	0.069	0.038	0.014
82	0.17570239	0.20081956	29.109	3.482	0.872	0.069	0.038	0.014
83	0.17578048	0.20052075	29.141	3.486	0.874	0.069	0.038	0.014
84	0.17557161	0.20078671	29.109	3.470	0.873	0.069	0.038	0.014
85	0.17604641	0.20080270	29.104	3.453	0.874	0.068	0.038	0.014
86	0.17568273	0.20166090	29.048	3.469	0.872	0.069	0.038	0.014
87	0.17562439	0.20172736	29.035	3.452	0.872	0.069	0.038	0.014
88	0.17549225	0.20132592	29.076	3.477	0.872	0.069	0.038	0.014
89	0.17566833	0.20184747	29.038	3.456	0.872	0.068	0.038	0.014
90	0.17582578	0.20177316	29.037	3.456	0.872	0.069	0.038	0.014
91	0.17560185	0.20175129	29.049	3.478	0.872	0.069	0.038	0.014
92	0.17584723	0.20226769	28.998	3.465	0.871	0.069	0.038	0.014
93	0.17542911	0.20190593	29.032	3.475	0.872	0.069	0.038	0.014
94	0.17562996	0.20144017	29.063	3.474	0.872	0.069	0.038	0.014
95	0.17564209	0.20204344	29.024	3.480	0.871	0.069	0.038	0.014
96	0.17565028	0.20062371	29.118	3.473	0.874	0.068	0.038	0.014
97	0.17585452	0.20108303	29.072	3.477	0.872	0.069	0.038	0.014
98	0.17541318	0.20146167	29.061	3.478	0.872	0.069	0.038	0.014
99	0.17551804	0.20152699	29.055	3.473	0.872	0.069	0.038	0.014
100	0.17569405	0.20179789	29.039	3.466	0.872	0.069	0.038	0.014
101	0.17583271	0.20131258	29.067	3.467	0.872	0.069	0.038	0.014
102	0.17565378	0.20159500	29.058	3.482	0.872	0.070	0.038	0.014
103	0.17574343	0.20126684	29.076	3.470	0.872	0.069	0.038	0.014
104	0.17578124	0.20185078	29.034	3.473	0.871	0.069	0.038	0.014
105	0.17577640	0.20172860	29.042	3.475	0.872	0.069	0.038	0.014
106	0.17561512	0.20131901	29.075	3.464	0.873	0.069	0.038	0.014
107	0.17557809	0.20239878	28.998	3.479	0.871	0.069	0.038	0.014
108	0.17541637	0.20163551	29.050	3.482	0.872	0.069	0.038	0.014
109	0.17570082	0.20233247	28.999	3.472	0.870	0.069	0.038	0.014
110	0.17559887	0.20134986	29.064	3.464	0.872	0.069	0.038	0.014
111	0.17547429	0.20144114	29.061	3.465	0.872	0.069	0.038	0.014
112	0.17567218	0.20154840	29.051	3.468	0.872	0.069	0.038	0.014
113	0.17572319	0.20185040	29.028	3.464	0.872	0.069	0.038	0.014
114	0.17573278	0.20186497	29.030	3.480	0.871	0.069	0.038	0.014
115	0.17589277	0.20157600	29.054	3.468	0.872	0.069	0.038	0.014
116	0.17565365	0.20154803	29.057	3.466	0.872	0.069	0.038	0.014
117	0.17579074	0.20093261	29.106	3.483	0.873	0.069	0.038	0.014
118	0.17546849	0.20252126	28.976	3.473	0.870	0.069	0.038	0.014
119	0.17559627	0.20147889	29.059	3.471	0.872	0.069	0.038	0.014
120	0.17574816	0.20176155	29.039	3.479	0.872	0.069	0.038	0.014
121	0.17570535	0.20152544	29.050	3.467	0.872	0.069	0.038	0.014
122	0.17530579	0.20167557	29.035	3.467	0.871	0.069	0.038	0.014
123	0.17566998	0.20159262	29.054	3.480	0.872	0.069	0.038	0.014
124	0.17549445	0.20155971	29.047	3.465	0.872	0.069	0.038	0.014
125	0.17592398	0.20146279	29.059	3.456	0.872	0.069	0.038	0.014
126	0.17547379	0.20227630	29.005	3.478	0.871	0.069	0.038	0.014
127	0.17546114	0.20174300	29.038	3.477	0.871	0.069	0.038	0.014
128	0.17573902	0.20213788	29.015	3.472	0.871	0.069	0.038	0.014
129	0.17567421	0.20134603	29.066	3.467	0.872	0.069	0.038	0.014
130	0.17579263	0.20177894	29.035	3.464	0.871	0.069	0.038	0.014
131	0.17566898	0.20160340	29.046	3.475	0.872	0.069	0.038	0.014
132	0.17557767	0.20174929	29.031	3.454	0.872	0.069	0.038	0.014
133	0.17555310	0.20134480	29.068	3.465	0.873	0.069	0.038	0.014
134	0.17560228	0.20167193	29.041	3.471	0.872	0.069	0.038	0.014
135	0.17562236	0.20194942	29.023	3.475	0.871	0.069	0.038	0.014
136	0.17563849	0.20177777	29.035	3.474	0.871	0.069	0.038	0.014
137	0.17556717	0.20162027	29.052	3.472	0.872	0.069	0.038	0.014
138	0.17575318	0.20146841	29.053	3.468	0.872	0.069	0.038	0.014
139	0.17557432	0.20155159	29.051	3.468	0.872	0.069	0.038	0.014
140	0.17566292	0.20113150	29.077	3.461	0.873	0.069	0.038	0.014
141	0.17564348	0.20166666	29.041	3.467	0.872	0.069	0.038	0.014
142	0.17558625	0.20164864	29.044	3.475	0.872	0.069	0.038	0.014
143	0.17566718	0.20131977	29.070	3.475	0.872	0.069	0.038	0.014
144	0.17570847	0.20140515	29.052	3.461	0.872	0.069	0.038	0.014
145	0.17562189	0.20147971	29.051	3.466	0.872	0.069	0.038	0.014
146	0.17562436	0.20213212	29.005	3.466	0.871	0.069	0.038	0.014
147	0.17543044	0.20149979	29.053	3.465	0.872	0.069	0.038	0.014
148	0.17535439	0.20176238	29.035	3.464	0.872	0.069	0.038	0.014
149	0.17557315	0.20179030	29.038	3.474	0.871	0.069	0.038	0.014
150	0.17563557	0.20138113	29.060	3.471	0.872	0.069	0.038	0.014
